Source File Name:	Analyzer
Signal:	FFT - Vib Velocity - Magnitude

Frequency	Magnitude
[ Hz ]	[ m/s ]
20	0.002600286
20.625	0.002366462
21.25	0.001849096
21.875	0.00135396
22.5	0.001060901
23.125	0.0009222705
23.75	0.0008416427
24.375	0.0007799471
25	0.0007218817
25.625	0.0006731649
26.25	0.0006330214
26.875	0.0006042527
27.5	0.0005680977
28.125	0.0005386472
28.75	0.0005098989
29.375	0.0004848792
30	0.0004621716
30.625	0.000449755
31.25	0.0004359576
31.875	0.0004266402
32.5	0.0004181056
33.125	0.0004089441
33.75	0.000404309
34.375	0.000403477
35	0.000396502
35.625	0.0003901385
36.25	0.0003886083
36.875	0.000380311
37.5	0.0003677782
38.125	0.0003538746
38.75	0.0003397416
39.375	0.0003197805
40	0.0002994156
40.625	0.0002769069
41.25	0.000260321
41.875	0.0002500736
42.5	0.0002330784
43.125	0.0002221529
43.75	0.0002133377
44.375	0.0002057731
45	0.0001980697
45.625	0.0001851138
46.25	0.00018372
46.875	0.0001767007
47.5	0.0001710342
48.125	0.0001636662
48.75	0.0001604083
49.375	0.0001505403
50	0.0001445253
50.625	0.0001431526
51.25	0.0001405349
51.875	0.0001301011
52.5	0.0001267871
53.125	0.0001259913
53.75	0.000121429
54.375	0.0001139665
55	0.0001066296
55.625	0.0001055837
56.25	0.0001035425
56.875	9.907685e-5
57.5	9.321938e-5
58.125	9.010707e-5
58.75	9.123232e-5
59.375	9.318654e-5
60	8.870436e-5
60.625	8.044548e-5
61.25	7.639115e-5
61.875	7.265447e-5
62.5	7.026947e-5
63.125	6.538643e-5
63.75	6.338422e-5
64.375	5.82859e-5
65	5.465774e-5
65.625	5.277163e-5
66.25	4.791258e-5
66.875	4.774837e-5
67.5	4.54861e-5
68.125	3.882707e-5
68.75	3.593061e-5
69.375	3.487845e-5
70	2.948452e-5
70.625	2.888385e-5
71.25	2.531028e-5
71.875	2.332074e-5
72.5	2.214793e-5
73.125	1.900362e-5
73.75	1.915186e-5
74.375	1.720809e-5
75	1.315085e-5
75.625	1.451666e-5
76.25	1.61195e-5
76.875	1.598101e-5
77.5	1.729958e-5
78.125	1.998395e-5
78.75	2.089011e-5
79.375	1.915652e-5
80	1.97484e-5
80.625	2.581048e-5
81.25	2.578072e-5
81.875	2.765466e-5
82.5	3.042049e-5
83.125	3.713707e-5
83.75	3.801045e-5
84.375	3.766487e-5
85	4.252145e-5
85.625	4.304091e-5
86.25	4.392877e-5
86.875	4.857692e-5
87.5	5.042145e-5
88.125	5.134356e-5
88.75	5.48089e-5
89.375	5.874223e-5
90	5.941843e-5
90.625	6.333933e-5
91.25	6.301913e-5
91.875	6.643267e-5
92.5	6.922631e-5
93.125	7.028896e-5
93.75	7.183446e-5
94.375	7.654557e-5
95	7.840763e-5
95.625	8.005401e-5
96.25	8.282177e-5
96.875	8.767603e-5
97.5	8.837049e-5
98.125	8.975645e-5
98.75	9.557964e-5
99.375	9.887309e-5
100	9.941174e-5
100.625	0.000103273
101.25	0.0001105483
101.875	0.0001122062
102.5	0.0001112878
103.125	0.0001156257
103.75	0.0001206625
104.375	0.0001207494
105	0.0001256756
105.625	0.0001304124
106.25	0.0001322667
106.875	0.0001359613
107.5	0.0001394103
108.125	0.00014412
108.75	0.0001497153
109.375	0.000151574
110	0.0001557074
110.625	0.0001591053
111.25	0.0001639525
111.875	0.00016819
112.5	0.000172995
113.125	0.0001755356
113.75	0.0001792946
114.375	0.0001849212
115	0.0001901495
115.625	0.0001940792
116.25	0.0002018791
116.875	0.0002044994
117.5	0.0002111923
118.125	0.0002177792
118.75	0.0002180504
119.375	0.0002242013
120	0.0002299859
120.625	0.0002332963
121.25	0.0002423314
121.875	0.0002467747
122.5	0.0002542559
123.125	0.00026225
123.75	0.0002683058
124.375	0.0002702208
125	0.0002788107
125.625	0.0002863217
126.25	0.0002902576
126.875	0.0003004583
127.5	0.0003092921
128.125	0.000313547
128.75	0.0003214641
129.375	0.0003331746
130	0.000342169
130.625	0.0003492295
131.25	0.0003602018
131.875	0.0003694898
132.5	0.000379193
133.125	0.0003888896
133.75	0.0004012933
134.375	0.0004156583
135	0.0004256505
135.625	0.0004380841
136.25	0.0004552169
136.875	0.0004713137
137.5	0.0004859627
138.125	0.0005047735
138.75	0.0005281204
139.375	0.0005470993
140	0.0005666678
140.625	0.0005901135
141.25	0.0006152047
141.875	0.0006381926
142.5	0.0006636541
143.125	0.0006920249
143.75	0.0007191944
144.375	0.0007460013
145	0.0007735507
145.625	0.000804809
146.25	0.0008283937
146.875	0.000849279
147.5	0.0008701218
148.125	0.0008866446
148.75	0.000899546
149.375	0.0009094674
150	0.0009163506
150.625	0.0009294495
151.25	0.0009481236
151.875	0.0009727723
152.5	0.0009970228
153.125	0.001023456
153.75	0.001042964
154.375	0.00105577
155	0.001059082
155.625	0.001047849
156.25	0.001021882
156.875	0.0009846394
157.5	0.0009416812
158.125	0.0008955628
158.75	0.000844904
159.375	0.0007933582
160	0.0007442161
160.625	0.0007031632
161.25	0.0006636982
161.875	0.0006258944
162.5	0.0005923192
163.125	0.0005618364
163.75	0.0005328461
164.375	0.0005085606
165	0.0004872147
165.625	0.0004684761
166.25	0.0004463016
166.875	0.0004278988
167.5	0.0004099548
168.125	0.0003980992
168.75	0.0003790711
169.375	0.0003639411
170	0.000351821
170.625	0.0003388591
171.25	0.0003239717
171.875	0.0003133864
172.5	0.0003011215
173.125	0.0002904735
173.75	0.0002775399
174.375	0.0002655755
175	0.0002515893
175.625	0.0002400671
176.25	0.0002262309
176.875	0.000217982
177.5	0.0002079472
178.125	0.0001964358
178.75	0.0001859476
179.375	0.0001802543
180	0.0001702193
180.625	0.0001619024
181.25	0.0001557738
181.875	0.0001520823
182.5	0.0001477584
183.125	0.000142222
183.75	0.0001380582
184.375	0.0001364175
185	0.0001296215
185.625	0.000126963
186.25	0.0001274065
186.875	0.0001266605
187.5	0.0001257485
188.125	0.0001307011
188.75	0.0001311083
189.375	0.0001298489
190	0.0001346881
190.625	0.0001401313
191.25	0.0001453004
191.875	0.0001506777
192.5	0.0001586831
193.125	0.0001702682
193.75	0.0001785351
194.375	0.000183541
195	0.0001958282
195.625	0.0002078341
196.25	0.0002143367
196.875	0.0002285351
197.5	0.0002451608
198.125	0.0002568298
198.75	0.0002717681
199.375	0.0002875457
200	0.0003055909
200.625	0.000319892
201.25	0.0003353241
201.875	0.0003511648
202.5	0.000369264
203.125	0.0003860352
203.75	0.0003996231
204.375	0.0004183939
205	0.0004332501
205.625	0.0004435593
206.25	0.0004568937
206.875	0.0004651934
207.5	0.0004737802
208.125	0.0004797944
208.75	0.0004861531
209.375	0.0004886012
210	0.0004952014
210.625	0.0004995892
211.25	0.0005043656
211.875	0.0005106102
212.5	0.000517679
213.125	0.0005216872
213.75	0.0005267144
214.375	0.0005298746
215	0.0005333296
215.625	0.000528609
216.25	0.0005245346
216.875	0.0005157946
217.5	0.0005103219
218.125	0.0004955425
218.75	0.0004816641
219.375	0.0004703263
220	0.0004567095
220.625	0.0004382234
221.25	0.000427607
221.875	0.0004174664
222.5	0.0004056304
223.125	0.0003908803
223.75	0.0003813755
224.375	0.0003706002
225	0.0003623047
225.625	0.0003505942
226.25	0.0003448771
226.875	0.0003370577
227.5	0.0003262014
228.125	0.0003162401
228.75	0.0003146547
229.375	0.00030376
230	0.0002953992
230.625	0.0002893724
231.25	0.0002849861
231.875	0.0002754935
232.5	0.000269708
233.125	0.00026365
233.75	0.0002572879
234.375	0.0002493772
235	0.0002462135
235.625	0.0002418571
236.25	0.0002401595
236.875	0.0002308149
237.5	0.0002271542
238.125	0.0002229661
238.75	0.0002165806
239.375	0.000210513
240	0.0002056343
240.625	0.0001994745
241.25	0.0001951876
241.875	0.00019165
242.5	0.0001877085
243.125	0.0001809537
243.75	0.0001763622
244.375	0.000171857
245	0.0001667009
245.625	0.0001598593
246.25	0.000152463
246.875	0.000147428
247.5	0.0001448262
248.125	0.0001387603
248.75	0.0001335861
249.375	0.0001270886
250	0.0001215452
250.625	0.0001183217
251.25	0.0001133862
251.875	0.0001072927
252.5	0.0001046255
253.125	0.0001009244
253.75	9.605334e-5
254.375	9.443529e-5
255	9.188024e-5
255.625	8.753017e-5
256.25	8.813625e-5
256.875	8.641915e-5
257.5	8.522678e-5
258.125	8.336783e-5
258.75	8.241478e-5
259.375	8.514228e-5
260	8.312023e-5
260.625	8.196178e-5
261.25	8.2756e-5
261.875	8.374702e-5
262.5	8.032494e-5
263.125	7.818561e-5
263.75	8.06392e-5
264.375	7.963165e-5
265	7.846504e-5
265.625	8.17993e-5
266.25	8.211142e-5
266.875	8.359726e-5
267.5	8.177567e-5
268.125	8.367217e-5
268.75	8.354213e-5
269.375	8.312101e-5
270	8.255066e-5
270.625	8.80905e-5
271.25	8.861371e-5
271.875	8.756558e-5
272.5	8.872819e-5
273.125	9.1881e-5
273.75	8.940254e-5
274.375	9.108584e-5
275	9.104601e-5
275.625	9.198333e-5
276.25	8.947605e-5
276.875	9.104618e-5
277.5	9.048553e-5
278.125	9.471923e-5
278.75	9.292141e-5
279.375	9.253664e-5
280	9.367769e-5
280.625	9.330685e-5
281.25	9.009454e-5
281.875	9.304152e-5
282.5	9.208497e-5
283.125	9.134944e-5
283.75	9.058059e-5
284.375	9.341203e-5
285	9.425438e-5
285.625	9.396551e-5
286.25	9.191675e-5
286.875	9.505335e-5
287.5	9.727875e-5
288.125	9.768163e-5
288.75	0.0001000987
289.375	0.0001032921
290	0.0001046252
290.625	0.0001065905
291.25	0.0001098909
291.875	0.000111876
292.5	0.0001160002
293.125	0.0001209278
293.75	0.0001230354
294.375	0.0001238693
295	0.0001259675
295.625	0.0001253218
296.25	0.0001264095
296.875	0.0001289318
297.5	0.0001267253
298.125	0.0001236986
298.75	0.0001215549
299.375	0.0001185746
300	0.0001167317
300.625	0.0001138991
301.25	0.0001104986
301.875	0.0001075047
302.5	0.000104808
303.125	9.880777e-5
303.75	9.47949e-5
304.375	9.364297e-5
305	8.808812e-5
305.625	8.341758e-5
306.25	8.256359e-5
306.875	7.985815e-5
307.5	7.59664e-5
308.125	7.286639e-5
308.75	7.221628e-5
309.375	7.053937e-5
310	6.865423e-5
310.625	6.594401e-5
311.25	6.721899e-5
311.875	6.510784e-5
312.5	6.48307e-5
313.125	6.583204e-5
313.75	6.662153e-5
314.375	6.443937e-5
315	6.657656e-5
315.625	6.777351e-5
316.25	6.842427e-5
316.875	6.591541e-5
317.5	6.697141e-5
318.125	6.792705e-5
318.75	6.904903e-5
319.375	6.716711e-5
320	6.89798e-5
320.625	6.834274e-5
321.25	6.763695e-5
321.875	6.508391e-5
322.5	6.843832e-5
323.125	6.725368e-5
323.75	6.599106e-5
324.375	6.591799e-5
325	6.65375e-5
325.625	6.521953e-5
326.25	6.417955e-5
326.875	6.288093e-5
327.5	6.591665e-5
328.125	6.45153e-5
328.75	6.235929e-5
329.375	6.005554e-5
330	6.138312e-5
330.625	5.922288e-5
331.25	5.887113e-5
331.875	5.874116e-5
332.5	5.908548e-5
333.125	5.936744e-5
333.75	5.927427e-5
334.375	5.682918e-5
335	5.693279e-5
335.625	5.440344e-5
336.25	5.435276e-5
336.875	5.665405e-5
337.5	5.724292e-5
338.125	5.241662e-5
338.75	5.524167e-5
339.375	5.605664e-5
340	5.404853e-5
340.625	5.355786e-5
341.25	5.598493e-5
341.875	5.577878e-5
342.5	5.509078e-5
343.125	5.454658e-5
343.75	5.574597e-5
344.375	5.630624e-5
345	5.506034e-5
345.625	5.345487e-5
346.25	5.638166e-5
346.875	5.526684e-5
347.5	5.117112e-5
348.125	5.29578e-5
348.75	5.592053e-5
349.375	5.314868e-5
350	5.17981e-5
350.625	5.311325e-5
351.25	5.062234e-5
351.875	4.925247e-5
352.5	4.810499e-5
353.125	4.859317e-5
353.75	4.726807e-5
354.375	4.605019e-5
355	4.677289e-5
355.625	4.856807e-5
356.25	4.466803e-5
356.875	4.193413e-5
357.5	4.383028e-5
358.125	4.478001e-5
358.75	4.423877e-5
359.375	4.394949e-5
360	4.241176e-5
360.625	4.287071e-5
361.25	4.211249e-5
361.875	4.173187e-5
362.5	4.083365e-5
363.125	4.236107e-5
363.75	3.944596e-5
364.375	3.92697e-5
365	4.085731e-5
365.625	3.78386e-5
366.25	3.722362e-5
366.875	3.819042e-5
367.5	3.78246e-5
368.125	3.723094e-5
368.75	3.531793e-5
369.375	3.536994e-5
370	3.440592e-5
370.625	3.567506e-5
371.25	3.482742e-5
371.875	3.597529e-5
372.5	3.546801e-5
373.125	3.530415e-5
373.75	3.713922e-5
374.375	3.65179e-5
375	3.367892e-5
375.625	3.605564e-5
376.25	3.899127e-5
376.875	4.141646e-5
377.5	4.027774e-5
378.125	4.070767e-5
378.75	4.031857e-5
379.375	4.268467e-5
380	4.171985e-5
380.625	4.162712e-5
381.25	4.353315e-5
381.875	4.341015e-5
382.5	4.124124e-5
383.125	4.532823e-5
383.75	4.456076e-5
384.375	4.437711e-5
385	4.503134e-5
385.625	4.366891e-5
386.25	4.250451e-5
386.875	4.462526e-5
387.5	4.364415e-5
388.125	4.148799e-5
388.75	4.105961e-5
389.375	4.23825e-5
390	3.888068e-5
390.625	3.909902e-5
391.25	3.738917e-5
391.875	3.63732e-5
392.5	3.539497e-5
393.125	3.489114e-5
393.75	3.596105e-5
394.375	3.48312e-5
395	3.159254e-5
395.625	3.035235e-5
396.25	3.017809e-5
396.875	2.833796e-5
397.5	2.634705e-5
398.125	2.994102e-5
398.75	2.834233e-5
399.375	2.571705e-5
400	2.491002e-5
400.625	2.5667e-5
401.25	2.377377e-5
401.875	2.210465e-5
402.5	2.356102e-5
403.125	2.494968e-5
403.75	2.180924e-5
404.375	1.813913e-5
405	2.026683e-5
405.625	2.237669e-5
406.25	1.831342e-5
406.875	1.872657e-5
407.5	2.146809e-5
408.125	1.877528e-5
408.75	1.698745e-5
409.375	1.814515e-5
410	1.828611e-5
410.625	1.613656e-5
411.25	1.566684e-5
411.875	1.68811e-5
412.5	1.844088e-5
413.125	1.535713e-5
413.75	1.516908e-5
414.375	1.713885e-5
415	1.727631e-5
415.625	1.401726e-5
416.25	1.656376e-5
416.875	1.741274e-5
417.5	1.640814e-5
418.125	1.537271e-5
418.75	1.619079e-5
419.375	1.662637e-5
420	1.724896e-5
420.625	1.648676e-5
421.25	1.870493e-5
421.875	1.820165e-5
422.5	1.629551e-5
423.125	1.57519e-5
423.75	1.907298e-5
424.375	1.806591e-5
425	1.730393e-5
425.625	1.831034e-5
426.25	1.860781e-5
426.875	1.88958e-5
427.5	1.791287e-5
428.125	1.674552e-5
428.75	1.897045e-5
429.375	1.938136e-5
430	1.819647e-5
430.625	1.778311e-5
431.25	1.933223e-5
431.875	1.582413e-5
432.5	1.71064e-5
433.125	2.053853e-5
433.75	1.838661e-5
434.375	1.629531e-5
435	1.722702e-5
435.625	1.799141e-5
436.25	1.752714e-5
436.875	1.593412e-5
437.5	1.693624e-5
438.125	1.873399e-5
438.75	1.79714e-5
439.375	1.476607e-5
440	1.805339e-5
440.625	1.840653e-5
441.25	1.537834e-5
441.875	1.636653e-5
442.5	1.934449e-5
443.125	1.705932e-5
443.75	1.562561e-5
444.375	1.565073e-5
445	1.643978e-5
445.625	1.631574e-5
446.25	1.449769e-5
446.875	1.508148e-5
447.5	1.83784e-5
448.125	1.697509e-5
448.75	1.452059e-5
449.375	1.570193e-5
450	1.591106e-5
450.625	1.381256e-5
451.25	1.551281e-5
451.875	1.61067e-5
452.5	1.364104e-5
453.125	1.317905e-5
453.75	1.422644e-5
454.375	1.527783e-5
455	1.431137e-5
455.625	1.399525e-5
456.25	1.384667e-5
456.875	1.515787e-5
457.5	1.222381e-5
458.125	1.116025e-5
458.75	1.447859e-5
459.375	1.454691e-5
460	1.340162e-5
460.625	1.489319e-5
461.25	1.487284e-5
461.875	1.398277e-5
462.5	1.210018e-5
463.125	1.321414e-5
463.75	1.37907e-5
464.375	1.341964e-5
465	1.134939e-5
465.625	1.435431e-5
466.25	1.464194e-5
466.875	1.287573e-5
467.5	1.343324e-5
468.125	1.423467e-5
468.75	1.346863e-5
469.375	1.467608e-5
470	1.457905e-5
470.625	1.350066e-5
471.25	1.264117e-5
471.875	1.406374e-5
472.5	1.516558e-5
473.125	1.623114e-5
473.75	1.551247e-5
474.375	1.48351e-5
475	1.640447e-5
475.625	1.496815e-5
476.25	1.473788e-5
476.875	1.547243e-5
477.5	1.54464e-5
478.125	1.674296e-5
478.75	1.823312e-5
479.375	1.645485e-5
480	1.502979e-5
480.625	1.661641e-5
481.25	1.6775e-5
481.875	1.52831e-5
482.5	1.733189e-5
483.125	1.795086e-5
483.75	1.502563e-5
484.375	1.445726e-5
485	1.514859e-5
485.625	1.629363e-5
486.25	1.583691e-5
486.875	1.393947e-5
487.5	1.579998e-5
488.125	1.671174e-5
488.75	1.434525e-5
489.375	1.37576e-5
490	1.589927e-5
490.625	1.467246e-5
491.25	1.40259e-5
491.875	1.612838e-5
492.5	1.492005e-5
493.125	1.285015e-5
493.75	1.38811e-5
494.375	1.458787e-5
495	1.485833e-5
495.625	1.231757e-5
496.25	1.384083e-5
496.875	1.480472e-5
497.5	1.36384e-5
498.125	1.112038e-5
498.75	1.391867e-5
499.375	1.544591e-5
500	1.155401e-5
500.625	1.186385e-5
501.25	1.365913e-5
501.875	1.147756e-5
502.5	1.021286e-5
503.125	1.142148e-5
503.75	1.329967e-5
504.375	1.237666e-5
505	1.045027e-5
505.625	9.904284e-6
506.25	1.114009e-5
506.875	1.103943e-5
507.5	1.043766e-5
508.125	1.179515e-5
508.75	1.257612e-5
509.375	1.190907e-5
510	1.224821e-5
510.625	1.131114e-5
511.25	9.209753e-6
511.875	1.057204e-5
512.5	1.147563e-5
513.125	1.216719e-5
513.75	1.281895e-5
514.375	1.140643e-5
515	1.156668e-5
515.625	1.277544e-5
516.25	1.101205e-5
516.875	8.966722e-6
517.5	1.176984e-5
518.125	1.214759e-5
518.75	1.085608e-5
519.375	1.111123e-5
520	1.109233e-5
520.625	1.198511e-5
521.25	1.133657e-5
521.875	1.103414e-5
522.5	1.291114e-5
523.125	1.234194e-5
523.75	8.542107e-6
524.375	9.061187e-6
525	1.294878e-5
525.625	1.201356e-5
526.25	1.012276e-5
526.875	1.200117e-5
527.5	1.170644e-5
528.125	1.062889e-5
528.75	9.700619e-6
529.375	1.078454e-5
530	1.026985e-5
530.625	9.825852e-6
531.25	9.927407e-6
531.875	1.207325e-5
532.5	9.698106e-6
533.125	6.158287e-6
533.75	8.687577e-6
534.375	1.161453e-5
535	8.423083e-6
535.625	7.262418e-6
536.25	7.984806e-6
536.875	7.744812e-6
537.5	5.429296e-6
538.125	6.06233e-6
538.75	6.565032e-6
539.375	7.338072e-6
540	5.526526e-6
540.625	6.040464e-6
541.25	8.034169e-6
541.875	6.202873e-6
542.5	3.144975e-6
543.125	6.053572e-6
543.75	6.543414e-6
544.375	4.858873e-6
545	4.227537e-6
545.625	4.984455e-6
546.25	4.117577e-6
546.875	4.120102e-6
547.5	3.587128e-6
548.125	4.545987e-6
548.75	4.054733e-6
549.375	3.094134e-6
550	4.973849e-6
550.625	3.989526e-6
551.25	1.586937e-6
551.875	4.277314e-6
552.5	6.904647e-6
553.125	5.129412e-6
553.75	4.218749e-6
554.375	5.13177e-6
555	6.133326e-6
555.625	4.564945e-6
556.25	4.651854e-6
556.875	5.434937e-6
557.5	8.52028e-6
558.125	7.631774e-6
558.75	7.353261e-6
559.375	9.334045e-6
560	9.401087e-6
560.625	5.991902e-6
561.25	7.858715e-6
561.875	8.987133e-6
562.5	9.495353e-6
563.125	9.133407e-6
563.75	9.128257e-6
564.375	9.714135e-6
565	9.966185e-6
565.625	8.735275e-6
566.25	8.742397e-6
566.875	1.040043e-5
567.5	1.077925e-5
568.125	9.00876e-6
568.75	1.031353e-5
569.375	8.36718e-6
570	9.701868e-6
570.625	1.08454e-5
571.25	1.202995e-5
571.875	1.158085e-5
572.5	1.023478e-5
573.125	9.089063e-6
573.75	1.098601e-5
574.375	1.063427e-5
575	9.181293e-6
575.625	9.685636e-6
576.25	1.272233e-5
576.875	8.973263e-6
577.5	8.875572e-6
578.125	9.95597e-6
578.75	1.097191e-5
579.375	1.009422e-5
580	9.715478e-6
580.625	8.934019e-6
581.25	9.57195e-6
581.875	6.87447e-6
582.5	6.411869e-6
583.125	9.010831e-6
583.75	9.976504e-6
584.375	7.002559e-6
585	9.235677e-6
585.625	9.275367e-6
586.25	7.116677e-6
586.875	6.508642e-6
587.5	8.275415e-6
588.125	6.257141e-6
588.75	7.129083e-6
589.375	8.622048e-6
590	9.346911e-6
590.625	7.647023e-6
591.25	6.22679e-6
591.875	7.566422e-6
592.5	9.812184e-6
593.125	8.358882e-6
593.75	7.329422e-6
594.375	9.69535e-6
595	7.955391e-6
595.625	6.088625e-6
596.25	7.652822e-6
596.875	7.48772e-6
597.5	7.183497e-6
598.125	8.480057e-6
598.75	8.024655e-6
599.375	8.091842e-6
600	7.575768e-6
600.625	7.416516e-6
601.25	7.214473e-6
601.875	9.053527e-6
602.5	8.123319e-6
603.125	8.107185e-6
603.75	7.33929e-6
604.375	6.806206e-6
605	8.897401e-6
605.625	1.028388e-5
606.25	7.445066e-6
606.875	8.521528e-6
607.5	1.014311e-5
608.125	9.498327e-6
608.75	6.904701e-6
609.375	8.299377e-6
610	7.794972e-6
610.625	9.742164e-6
611.25	9.545026e-6
611.875	9.71272e-6
612.5	8.275951e-6
613.125	7.607752e-6
613.75	7.743109e-6
614.375	9.770541e-6
615	7.99728e-6
615.625	6.879502e-6
616.25	7.989171e-6
616.875	9.050822e-6
617.5	4.91063e-6
618.125	7.570823e-6
618.75	8.418797e-6
619.375	7.392221e-6
620	6.749013e-6
620.625	8.404653e-6
621.25	6.670369e-6
621.875	5.407571e-6
622.5	3.26337e-6
623.125	6.503723e-6
623.75	8.310615e-6
624.375	7.327772e-6
625	4.140515e-6
625.625	6.304066e-6
626.25	5.525947e-6
626.875	3.936538e-6
627.5	3.69347e-6
628.125	5.331855e-6
628.75	2.882239e-6
629.375	4.941602e-6
630	4.262457e-6
630.625	3.683729e-6
631.25	9.41293e-7
631.875	1.255862e-6
632.5	3.110088e-6
633.125	4.186801e-6
633.75	3.399019e-7
634.375	1.704316e-6
635	1.942668e-6
635.625	1.008037e-6
636.25	2.08087e-6
636.875	1.106177e-6
637.5	4.410603e-7
638.125	2.549583e-6
638.75	3.775057e-6
639.375	2.119757e-6
640	2.841108e-6
640.625	1.327437e-6
641.25	3.474042e-6
641.875	3.428471e-6
642.5	3.510869e-6
643.125	2.701275e-6
643.75	5.190839e-6
644.375	3.368463e-6
645	4.226482e-6
645.625	3.525992e-6
646.25	3.492184e-6
646.875	4.383548e-6
647.5	6.774889e-6
648.125	3.893747e-6
648.75	4.313839e-6
649.375	3.979042e-6
650	5.69027e-6
650.625	5.275112e-6
651.25	7.145472e-6
651.875	4.740826e-6
652.5	6.861986e-6
653.125	6.165239e-6
653.75	5.51661e-6
654.375	4.665028e-6
655	5.540265e-6
655.625	6.104022e-6
656.25	8.870955e-6
656.875	5.619725e-6
657.5	4.974832e-6
658.125	5.513958e-6
658.75	6.848729e-6
659.375	2.668367e-6
660	5.684789e-6
660.625	7.413068e-6
661.25	5.800649e-6
661.875	3.944053e-6
662.5	4.857679e-6
663.125	5.026032e-6
663.75	5.328397e-6
664.375	2.646504e-6
665	4.705591e-6
665.625	5.932742e-6
666.25	3.621898e-6
666.875	1.935472e-6
667.5	4.299722e-6
668.125	3.621153e-6
668.75	2.450973e-6
669.375	5.256034e-6
670	5.300712e-6
670.625	3.737848e-6
671.25	4.16715e-6
671.875	5.085563e-6
672.5	4.427173e-6
673.125	2.488303e-6
673.75	3.334691e-6
674.375	5.891499e-6
675	4.147182e-6
675.625	3.462761e-6
676.25	4.351794e-6
676.875	5.778453e-6
677.5	2.677153e-6
678.125	5.706658e-6
678.75	6.549429e-6
679.375	5.555226e-6
680	3.090202e-6
680.625	4.749509e-6
681.25	4.444849e-6
681.875	6.88452e-6
682.5	4.70751e-6
683.125	6.36945e-6
683.75	6.819395e-6
684.375	7.583781e-6
685	4.580655e-6
685.625	6.015362e-6
686.25	6.155489e-6
686.875	7.207137e-6
687.5	8.220009e-6
688.125	8.244346e-6
688.75	5.803599e-6
689.375	7.860066e-6
690	6.32628e-6
690.625	8.676259e-6
691.25	7.41375e-6
691.875	7.395383e-6
692.5	7.145916e-6
693.125	9.417554e-6
693.75	7.485729e-6
694.375	5.907356e-6
695	7.29505e-6
695.625	9.475463e-6
696.25	7.244666e-6
696.875	7.880119e-6
697.5	7.012443e-6
698.125	8.602725e-6
698.75	5.865845e-6
699.375	6.177866e-6
700	8.706469e-6
700.625	1.086734e-5
701.25	5.772283e-6
701.875	6.148204e-6
702.5	8.48697e-6
703.125	7.701527e-6
703.75	4.814082e-6
704.375	8.167583e-6
705	8.039809e-6
705.625	7.680166e-6
706.25	6.452893e-6
706.875	6.418907e-6
707.5	4.905314e-6
708.125	4.87621e-6
708.75	4.569916e-6
709.375	8.128217e-6
710	6.221747e-6
710.625	3.435479e-6
711.25	4.490149e-6
711.875	7.036494e-6
712.5	3.814202e-6
713.125	2.219686e-6
713.75	4.924365e-6
714.375	4.681753e-6
715	1.86378e-6
715.625	1.256036e-6
716.25	4.239506e-6
716.875	3.511376e-6
717.5	1.932409e-6
718.125	2.275075e-6
718.75	5.334286e-6
719.375	2.363254e-6
720	1.900704e-6
720.625	3.045374e-6
721.25	4.7962e-6
721.875	2.038215e-6
722.5	2.905201e-6
723.125	2.643835e-6
723.75	5.489777e-6
724.375	3.032477e-6
725	2.479004e-6
725.625	2.499462e-6
726.25	4.167153e-6
726.875	2.98656e-6
727.5	5.905572e-6
728.125	5.634636e-6
728.75	3.175883e-6
729.375	3.975263e-6
730	6.390272e-6
730.625	4.398368e-6
731.25	4.845456e-6
731.875	5.547759e-6
732.5	8.41404e-6
733.125	5.978669e-6
733.75	3.663152e-6
734.375	3.701183e-6
735	6.84195e-6
735.625	5.849817e-6
736.25	5.888378e-6
736.875	8.096787e-6
737.5	8.446962e-6
738.125	4.638316e-6
738.75	6.164015e-6
739.375	6.638059e-6
740	6.944129e-6
740.625	5.489802e-6
741.25	6.06389e-6
741.875	7.094211e-6
742.5	7.911826e-6
743.125	5.189838e-6
743.75	5.466072e-6
744.375	6.165408e-6
745	6.564833e-6
745.625	5.474557e-6
746.25	7.171511e-6
746.875	4.407127e-6
747.5	3.058341e-6
748.125	5.12686e-6
748.75	6.656818e-6
749.375	5.025862e-6
750	5.438153e-6
750.625	4.705321e-6
751.25	5.964641e-6
751.875	4.859231e-6
752.5	4.291196e-6
753.125	3.12355e-6
753.75	6.208693e-6
754.375	4.686245e-6
755	2.507693e-6
755.625	4.723094e-6
756.25	3.591741e-6
756.875	2.869758e-6
757.5	3.261594e-6
758.125	3.786225e-6
758.75	4.350176e-6
759.375	2.328884e-6
760	1.621303e-6
760.625	5.545087e-6
761.25	3.502895e-6
761.875	1.878434e-6
762.5	3.090236e-6
763.125	5.710227e-6
763.75	1.635289e-6
764.375	4.238383e-6
765	3.460979e-6
765.625	2.847004e-6
766.25	2.435225e-6
766.875	5.958439e-6
767.5	6.55149e-6
768.125	4.866502e-6
768.75	2.961835e-6
769.375	7.028477e-6
770	6.159976e-6
770.625	3.821378e-6
771.25	2.474067e-6
771.875	9.178793e-6
772.5	7.200902e-6
773.125	5.209339e-6
773.75	6.37794e-6
774.375	7.384536e-6
775	4.869557e-6
775.625	5.588829e-6
776.25	6.882509e-6
776.875	8.3226e-6
777.5	6.324666e-6
778.125	5.933935e-6
778.75	7.128955e-6
779.375	8.516703e-6
780	6.16616e-6
780.625	7.831843e-6
781.25	7.540015e-6
781.875	6.929563e-6
782.5	6.990615e-6
783.125	7.756758e-6
783.75	5.320198e-6
784.375	6.364606e-6
785	8.000097e-6
785.625	8.851771e-6
786.25	6.991246e-6
786.875	6.739108e-6
787.5	4.910555e-6
788.125	6.912411e-6
788.75	6.895154e-6
789.375	6.769669e-6
790	6.140847e-6
790.625	6.555831e-6
791.25	5.739186e-6
791.875	7.187644e-6
792.5	4.87461e-6
793.125	4.382232e-6
793.75	5.814557e-6
794.375	6.076793e-6
795	3.451175e-6
795.625	4.14862e-6
796.25	4.979822e-6
796.875	3.200959e-6
797.5	3.767299e-6
798.125	5.424556e-6
798.75	4.956353e-6
799.375	2.900201e-6
800	1.877721e-6
800.625	1.932593e-6
801.25	3.377812e-6
801.875	2.285577e-6
802.5	2.982098e-6
803.125	3.644155e-6
803.75	3.611118e-6
804.375	2.147381e-6
805	2.465803e-6
805.625	2.12072e-6
806.25	2.22186e-6
806.875	3.898781e-6
807.5	3.585786e-6
808.125	2.185783e-6
808.75	4.606046e-6
809.375	4.317611e-6
810	3.977328e-6
810.625	2.451292e-6
811.25	1.897723e-6
811.875	3.983625e-6
812.5	5.327593e-6
813.125	2.560206e-6
813.75	5.912071e-6
814.375	4.157079e-6
815	3.284413e-6
815.625	4.533599e-6
816.25	5.73678e-6
816.875	4.817135e-6
817.5	4.830822e-6
818.125	4.385673e-6
818.75	5.231767e-6
819.375	4.786868e-6
820	5.623129e-6
820.625	4.5236e-6
821.25	6.487238e-6
821.875	6.291858e-6
822.5	5.898094e-6
823.125	4.81575e-6
823.75	3.96923e-6
824.375	3.996573e-6
825	7.118349e-6
825.625	6.151997e-6
826.25	5.143089e-6
826.875	4.28385e-6
827.5	4.641752e-6
828.125	5.060892e-6
828.75	6.679722e-6
829.375	3.998798e-6
830	4.64806e-6
830.625	6.090049e-6
831.25	5.745953e-6
831.875	3.319778e-6
832.5	3.906551e-6
833.125	4.15273e-6
833.75	5.372258e-6
834.375	4.67094e-6
835	2.745045e-6
835.625	3.854457e-6
836.25	4.42635e-6
836.875	2.371437e-6
837.5	2.611539e-6
838.125	5.545784e-6
838.75	4.364762e-6
839.375	1.762578e-6
840	2.012959e-6
840.625	2.790789e-6
841.25	2.741219e-6
841.875	2.28333e-6
842.5	1.302802e-6
843.125	4.371371e-6
843.75	2.359845e-6
844.375	8.649496e-8
845	2.022691e-7
845.625	4.841998e-7
846.25	1.859933e-6
846.875	1.807704e-6
847.5	2.85081e-6
848.125	1.151747e-6
848.75	3.22245e-6
849.375	2.69426e-6
850	1.152834e-6
850.625	1.069414e-6
851.25	2.062913e-6
851.875	3.500091e-6
852.5	2.924431e-6
853.125	2.9253e-6
853.75	4.774237e-6
854.375	4.493266e-6
855	1.528266e-6
855.625	3.308181e-6
856.25	4.611955e-6
856.875	4.174113e-6
857.5	4.041717e-6
858.125	4.669513e-6
858.75	4.006005e-6
859.375	3.784907e-6
860	3.483731e-6
860.625	3.705931e-6
861.25	5.598483e-6
861.875	6.310306e-6
862.5	4.966269e-6
863.125	4.512112e-6
863.75	3.725983e-6
864.375	3.432737e-6
865	6.060211e-6
865.625	6.244819e-6
866.25	4.127898e-6
866.875	5.941326e-6
867.5	6.123031e-6
868.125	5.656571e-6
868.75	5.308864e-6
869.375	4.838715e-6
870	5.034259e-6
870.625	6.236283e-6
871.25	5.150085e-6
871.875	3.025421e-6
872.5	4.034618e-6
873.125	5.385421e-6
873.75	4.503391e-6
874.375	4.857905e-6
875	4.779789e-6
875.625	3.816523e-6
876.25	3.200777e-6
876.875	1.82602e-6
877.5	3.104349e-6
878.125	5.402855e-6
878.75	4.331318e-6
879.375	1.879753e-6
880	4.128208e-6
880.625	3.454644e-6
881.25	1.664655e-6
881.875	1.746861e-6
882.5	2.452951e-6
883.125	2.325146e-6
883.75	3.158553e-6
884.375	2.276782e-6
885	2.009898e-6
885.625	3.496697e-7
886.25	2.436937e-7
886.875	2.353028e-6
887.5	2.252883e-6
888.125	1.231162e-6
888.75	3.384463e-6
889.375	3.783219e-6
890	8.764581e-7
890.625	2.143996e-6
891.25	1.472968e-6
891.875	1.57515e-6
892.5	1.217741e-6
893.125	1.765546e-6
893.75	3.666906e-6
894.375	2.734409e-6
895	2.060844e-6
895.625	2.606035e-6
896.25	4.781404e-6
896.875	1.855064e-6
897.5	2.815038e-6
898.125	5.22943e-6
898.75	4.918445e-6
899.375	2.836714e-6
900	2.957889e-6
900.625	3.798782e-6
901.25	5.435099e-6
901.875	4.353872e-6
902.5	3.437191e-6
903.125	3.345639e-6
903.75	3.506535e-6
904.375	3.149073e-6
905	4.798246e-6
905.625	5.635764e-6
906.25	3.052891e-6
906.875	4.663096e-6
907.5	6.416496e-6
908.125	4.116739e-6
908.75	2.032107e-6
909.375	3.448338e-6
910	5.430571e-6
910.625	6.241387e-6
911.25	4.189716e-6
911.875	2.792834e-6
912.5	4.761405e-6
913.125	4.33772e-6
913.75	3.546976e-6
914.375	5.342813e-6
915	6.124198e-6
915.625	3.098769e-6
916.25	3.096887e-6
916.875	4.607936e-6
917.5	3.504502e-6
918.125	4.236043e-6
918.75	4.529515e-6
919.375	3.849791e-6
920	4.584968e-6
920.625	4.317303e-6
921.25	2.735992e-6
921.875	1.498662e-6
922.5	2.582664e-6
923.125	3.542311e-6
923.75	3.621292e-6
924.375	2.512051e-6
925	7.220543e-7
925.625	1.090707e-6
926.25	1.59539e-6
926.875	1.545083e-6
927.5	2.307249e-6
928.125	7.679249e-7
928.75	2.939626e-6
929.375	2.183549e-6
930	2.601725e-6
930.625	2.085332e-6
931.25	2.389426e-6
931.875	1.30771e-6
932.5	1.024416e-6
933.125	2.352567e-6
933.75	2.111689e-6
934.375	6.981201e-7
935	1.086278e-6
935.625	2.382826e-6
936.25	2.076868e-6
936.875	8.045699e-7
937.5	2.906384e-6
938.125	5.644189e-6
938.75	2.980552e-6
939.375	1.246954e-6
940	4.00853e-6
940.625	4.186382e-6
941.25	2.179238e-6
941.875	3.572324e-6
942.5	4.280805e-6
943.125	3.402959e-6
943.75	3.27495e-6
944.375	3.790281e-6
945	5.110185e-6
945.625	3.575192e-6
946.25	3.21644e-6
946.875	6.912664e-6
947.5	7.490407e-6
948.125	2.766248e-6
948.75	1.783214e-6
949.375	6.147481e-6
950	5.910545e-6
950.625	3.217012e-6
951.25	4.707925e-6
951.875	5.555092e-6
952.5	3.56253e-6
953.125	3.057736e-6
953.75	3.94354e-6
954.375	5.510989e-6
955	4.973148e-6
955.625	3.464776e-6
956.25	4.031808e-6
956.875	4.399447e-6
957.5	2.903743e-6
958.125	3.339001e-6
958.75	4.77745e-6
959.375	3.97619e-6
960	4.563532e-6
960.625	5.156809e-6
961.25	1.672536e-6
961.875	1.562509e-6
962.5	3.597203e-6
963.125	3.963058e-6
963.75	3.025907e-6
964.375	3.194264e-6
965	2.49985e-6
965.625	2.500017e-6
966.25	2.850535e-6
966.875	4.137558e-6
967.5	2.641626e-6
968.125	1.21728e-6
968.75	1.532166e-6
969.375	2.629714e-6
970	1.397997e-6
970.625	2.008415e-6
971.25	1.591925e-6
971.875	3.765652e-6
972.5	9.332965e-7
973.125	1.917684e-6
973.75	1.578345e-6
974.375	2.011358e-6
975	3.134701e-6
975.625	1.304042e-6
976.25	1.273891e-6
976.875	1.55117e-7
977.5	2.941947e-6
978.125	2.865485e-6
978.75	3.440383e-7
979.375	1.722653e-6
980	3.353628e-6
980.625	1.88993e-6
981.25	9.226077e-7
981.875	3.959955e-6
982.5	3.533297e-6
983.125	5.938447e-7
983.75	3.735121e-6
984.375	4.117036e-6
985	1.233295e-6
985.625	9.631096e-7
986.25	4.49584e-6
986.875	6.574354e-6
987.5	3.965324e-6
988.125	1.512187e-6
988.75	3.306642e-6
989.375	4.20992e-6
990	3.964496e-6
990.625	2.655751e-6
991.25	5.499986e-6
991.875	4.751406e-6
992.5	2.633157e-6
993.125	3.912339e-6
993.75	4.233256e-6
994.375	3.959585e-6
995	4.532248e-6
995.625	3.548401e-6
996.25	4.232856e-6
996.875	3.829004e-6
997.5	2.681476e-6
998.125	1.601287e-6
998.75	3.561499e-6
999.375	5.198909e-6
1000	4.82951e-6
