Source File Name:	Analyzer
Signal:	FFT - Vib Velocity - Magnitude

Frequency	Magnitude
[ Hz ]	[ m/s ]
20	0.001741339
20.625	0.001257052
21.25	0.001066966
21.875	0.0009692634
22.5	0.0008949735
23.125	0.0008118057
23.75	0.0007385378
24.375	0.0006879008
25	0.0006617224
25.625	0.0006120467
26.25	0.0005902055
26.875	0.0005631758
27.5	0.0005415524
28.125	0.0005321162
28.75	0.0005190415
29.375	0.0005148855
30	0.0005133243
30.625	0.0005132064
31.25	0.0005212301
31.875	0.0005266699
32.5	0.0005325414
33.125	0.0005355253
33.75	0.0005355136
34.375	0.0005302621
35	0.0005179881
35.625	0.0004960197
36.25	0.0004649831
36.875	0.0004287171
37.5	0.0003873547
38.125	0.0003541164
38.75	0.0003263667
39.375	0.000308124
40	0.0003000576
40.625	0.0002899695
41.25	0.0002812023
41.875	0.0002711411
42.5	0.0002625292
43.125	0.0002551364
43.75	0.000246373
44.375	0.0002313737
45	0.0002220797
45.625	0.0002120226
46.25	0.0002000961
46.875	0.0001934334
47.5	0.0001831832
48.125	0.0001709498
48.75	0.0001652637
49.375	0.0001576126
50	0.000148973
50.625	0.0001443135
51.25	0.0001386743
51.875	0.0001337168
52.5	0.0001318753
53.125	0.0001331724
53.75	0.000133197
54.375	0.0001276282
55	0.0001283599
55.625	0.0001350057
56.25	0.0001257851
56.875	0.0001287304
57.5	0.0001192926
58.125	0.000118656
58.75	0.0001167127
59.375	0.0001128351
60	0.0001188181
60.625	0.000107025
61.25	0.000105305
61.875	9.865539e-5
62.5	9.72456e-5
63.125	9.227421e-5
63.75	8.961092e-5
64.375	8.556504e-5
65	8.621574e-5
65.625	8.434684e-5
66.25	8.272156e-5
66.875	8.633e-5
67.5	8.815643e-5
68.125	9.044295e-5
68.75	9.686693e-5
69.375	0.0001015162
70	0.0001070238
70.625	0.0001134126
71.25	0.0001144674
71.875	0.0001184118
72.5	0.0001203443
73.125	0.0001196332
73.75	0.000121847
74.375	0.0001194076
75	0.0001167469
75.625	0.0001183712
76.25	0.0001136831
76.875	0.0001113099
77.5	0.0001081759
78.125	0.0001022688
78.75	0.0001029045
79.375	0.0001042371
80	0.0001058671
80.625	0.0001078379
81.25	0.0001108753
81.875	0.0001165795
82.5	0.0001229699
83.125	0.0001259213
83.75	0.00013042
84.375	0.0001347774
85	0.0001354843
85.625	0.0001439572
86.25	0.0001457956
86.875	0.0001459367
87.5	0.0001459336
88.125	0.0001446563
88.75	0.0001418034
89.375	0.0001411744
90	0.0001358108
90.625	0.0001331809
91.25	0.000132056
91.875	0.0001281718
92.5	0.0001288777
93.125	0.0001251077
93.75	0.0001238473
94.375	0.000127427
95	0.000128772
95.625	0.0001337005
96.25	0.0001408213
96.875	0.0001420365
97.5	0.0001487068
98.125	0.0001561205
98.75	0.0001568738
99.375	0.0001605397
100	0.0001589496
100.625	0.0001590396
101.25	0.000159948
101.875	0.0001571452
102.5	0.0001561547
103.125	0.0001511843
103.75	0.0001462426
104.375	0.000143306
105	0.0001409568
105.625	0.0001342453
106.25	0.0001337096
106.875	0.0001337874
107.5	0.0001346104
108.125	0.0001390456
108.75	0.0001388654
109.375	0.0001397465
110	0.0001473547
110.625	0.0001476939
111.25	0.0001545644
111.875	0.000158235
112.5	0.000159202
113.125	0.0001653078
113.75	0.0001615915
114.375	0.0001635146
115	0.0001624556
115.625	0.0001565467
116.25	0.0001555453
116.875	0.0001507458
117.5	0.0001443108
118.125	0.0001430959
118.75	0.0001397609
119.375	0.0001358293
120	0.0001316808
120.625	0.0001298619
121.25	0.0001299021
121.875	0.0001319033
122.5	0.0001355549
123.125	0.0001373832
123.75	0.0001418338
124.375	0.000143081
125	0.0001489339
125.625	0.0001532584
126.25	0.0001499708
126.875	0.0001551387
127.5	0.0001540204
128.125	0.0001555629
128.75	0.0001587927
129.375	0.0001514652
130	0.0001495401
130.625	0.000145465
131.25	0.0001403034
131.875	0.000139727
132.5	0.0001309069
133.125	0.0001278765
133.75	0.0001276764
134.375	0.0001256465
135	0.0001306046
135.625	0.0001295458
136.25	0.0001285584
136.875	0.0001319579
137.5	0.0001368871
138.125	0.0001424412
138.75	0.0001478176
139.375	0.0001528354
140	0.0001582618
140.625	0.0001642529
141.25	0.0001660758
141.875	0.0001698347
142.5	0.0001707792
143.125	0.0001702274
143.75	0.0001744124
144.375	0.0001764686
145	0.0001756871
145.625	0.0001791003
146.25	0.0001776919
146.875	0.0001799231
147.5	0.0001804086
148.125	0.0001782257
148.75	0.0001849852
149.375	0.000188781
150	0.0001974451
150.625	0.0002086989
151.25	0.0002175932
151.875	0.0002303281
152.5	0.0002450228
153.125	0.0002584867
153.75	0.0002741853
154.375	0.0002913138
155	0.0003111429
155.625	0.000334554
156.25	0.0003552976
156.875	0.0003743547
157.5	0.0003965854
158.125	0.0004185236
158.75	0.0004419882
159.375	0.0004675254
160	0.0004895516
160.625	0.0005164443
161.25	0.0005429344
161.875	0.0005676416
162.5	0.0005934776
163.125	0.0006117218
163.75	0.0006339431
164.375	0.0006571473
165	0.0006763918
165.625	0.0007035609
166.25	0.0007270775
166.875	0.0007549125
167.5	0.0007825716
168.125	0.0008021548
168.75	0.0008212482
169.375	0.0008304694
170	0.0008330385
170.625	0.0008290246
171.25	0.0008146387
171.875	0.0007955499
172.5	0.000774202
173.125	0.0007471767
173.75	0.0007191392
174.375	0.0006878309
175	0.0006564413
175.625	0.0006297945
176.25	0.0005998858
176.875	0.000569845
177.5	0.0005444773
178.125	0.000519173
178.75	0.0004977108
179.375	0.0004787376
180	0.000456142
180.625	0.0004392235
181.25	0.0004196539
181.875	0.0004046229
182.5	0.000394931
183.125	0.000379182
183.75	0.0003729596
184.375	0.0003689464
185	0.0003639363
185.625	0.0003620484
186.25	0.0003574288
186.875	0.0003526628
187.5	0.0003503825
188.125	0.0003470842
188.75	0.000345344
189.375	0.0003422965
190	0.000336617
190.625	0.0003330721
191.25	0.0003278104
191.875	0.0003187424
192.5	0.000311048
193.125	0.000301681
193.75	0.0002914802
194.375	0.0002879858
195	0.0002776568
195.625	0.0002713699
196.25	0.000268268
196.875	0.0002604726
197.5	0.0002572529
198.125	0.0002502278
198.75	0.0002464872
199.375	0.0002490318
200	0.0002481191
200.625	0.0002519263
201.25	0.0002541495
201.875	0.0002531332
202.5	0.0002582435
203.125	0.0002584086
203.75	0.0002571947
204.375	0.0002558204
205	0.0002541971
205.625	0.0002544742
206.25	0.0002536604
206.875	0.0002504683
207.5	0.0002443311
208.125	0.000240838
208.75	0.0002379172
209.375	0.0002340787
210	0.0002315675
210.625	0.0002257542
211.25	0.0002293755
211.875	0.0002325629
212.5	0.0002352959
213.125	0.0002421364
213.75	0.0002406712
214.375	0.0002473872
215	0.0002587847
215.625	0.0002641692
216.25	0.0002748088
216.875	0.0002811888
217.5	0.0002889516
218.125	0.0003006949
218.75	0.000305062
219.375	0.0003123304
220	0.0003157514
220.625	0.0003198489
221.25	0.0003288231
221.875	0.0003326446
222.5	0.0003355636
223.125	0.0003382919
223.75	0.0003405928
224.375	0.0003406313
225	0.0003399571
225.625	0.000336572
226.25	0.0003314168
226.875	0.0003302294
227.5	0.0003259419
228.125	0.0003211593
228.75	0.0003168157
229.375	0.0003095378
230	0.0003073832
230.625	0.0002999133
231.25	0.0002935758
231.875	0.0002923201
232.5	0.0002836229
233.125	0.000281982
233.75	0.0002760006
234.375	0.0002650906
235	0.0002593657
235.625	0.0002495202
236.25	0.0002421435
236.875	0.0002346805
237.5	0.0002237335
238.125	0.0002178265
238.75	0.0002112748
239.375	0.000205636
240	0.0002025064
240.625	0.0001956535
241.25	0.0001921905
241.875	0.0001932052
242.5	0.0001940039
243.125	0.0001959627
243.75	0.0001973984
244.375	0.000197848
245	0.0001983453
245.625	0.0002019629
246.25	0.0001984552
246.875	0.0001947373
247.5	0.0001936282
248.125	0.0001902528
248.75	0.0001898215
249.375	0.0001851137
250	0.0001765968
250.625	0.0001723768
251.25	0.0001670471
251.875	0.0001645821
252.5	0.000163269
253.125	0.0001558763
253.75	0.0001577091
254.375	0.0001600826
255	0.0001616239
255.625	0.0001660748
256.25	0.0001639544
256.875	0.0001638218
257.5	0.0001692001
258.125	0.0001709004
258.75	0.0001725001
259.375	0.0001717562
260	0.0001694185
260.625	0.0001694003
261.25	0.0001665911
261.875	0.000161565
262.5	0.0001546917
263.125	0.0001486692
263.75	0.0001445108
264.375	0.0001434245
265	0.0001380337
265.625	0.0001318773
266.25	0.0001307718
266.875	0.0001258792
267.5	0.0001262491
268.125	0.0001264642
268.75	0.000122102
269.375	0.0001230772
270	0.0001234683
270.625	0.0001233027
271.25	0.0001245676
271.875	0.0001189737
272.5	0.0001152555
273.125	0.0001116877
273.75	0.0001048974
274.375	0.0001013908
275	9.332233e-5
275.625	8.462138e-5
276.25	7.817914e-5
276.875	6.932706e-5
277.5	5.970655e-5
278.125	5.373352e-5
278.75	4.725994e-5
279.375	4.552023e-5
280	5.061879e-5
280.625	5.250997e-5
281.25	5.589184e-5
281.875	6.050714e-5
282.5	6.345527e-5
283.125	6.926669e-5
283.75	7.443249e-5
284.375	7.49139e-5
285	7.872018e-5
285.625	7.957912e-5
286.25	8.071672e-5
286.875	8.243816e-5
287.5	7.799002e-5
288.125	7.471596e-5
288.75	7.412049e-5
289.375	7.247576e-5
290	7.412011e-5
290.625	7.622518e-5
291.25	7.546335e-5
291.875	8.092895e-5
292.5	8.357767e-5
293.125	8.711188e-5
293.75	9.226507e-5
294.375	9.48005e-5
295	9.948749e-5
295.625	0.0001069064
296.25	0.000109697
296.875	0.0001128084
297.5	0.0001157576
298.125	0.0001158276
298.75	0.0001191673
299.375	0.0001173377
300	0.0001152979
300.625	0.0001165665
301.25	0.0001152795
301.875	0.0001148656
302.5	0.0001143314
303.125	0.0001090619
303.75	0.000110273
304.375	0.0001096813
305	0.0001085685
305.625	0.0001134825
306.25	0.0001133768
306.875	0.0001183877
307.5	0.0001249901
308.125	0.000127149
308.75	0.000130295
309.375	0.000133167
310	0.0001369608
310.625	0.0001423928
311.25	0.0001448877
311.875	0.0001452791
312.5	0.0001476252
313.125	0.0001488582
313.75	0.0001504503
314.375	0.0001503799
315	0.0001450589
315.625	0.0001435043
316.25	0.0001454286
316.875	0.000143743
317.5	0.0001452345
318.125	0.0001433107
318.75	0.0001405859
319.375	0.0001473446
320	0.0001472353
320.625	0.0001494332
321.25	0.0001528442
321.875	0.0001556178
322.5	0.0001668187
323.125	0.0001724813
323.75	0.0001761324
324.375	0.0001810287
325	0.0001818377
325.625	0.0001876941
326.25	0.0001937
326.875	0.0001927207
327.5	0.0001936944
328.125	0.0001951175
328.75	0.0001974355
329.375	0.000198349
330	0.0001971469
330.625	0.0001931164
331.25	0.0001930908
331.875	0.0001955728
332.5	0.0001973161
333.125	0.0002024236
333.75	0.0002029786
334.375	0.0002089739
335	0.000215642
335.625	0.0002182287
336.25	0.0002248773
336.875	0.0002278944
337.5	0.0002314666
338.125	0.0002427136
338.75	0.0002460006
339.375	0.0002484554
340	0.000252893
340.625	0.0002527354
341.25	0.0002556543
341.875	0.0002554832
342.5	0.0002557581
343.125	0.0002564078
343.75	0.0002556936
344.375	0.0002573661
345	0.0002588975
345.625	0.0002566491
346.25	0.0002567752
346.875	0.0002608113
347.5	0.0002612357
348.125	0.0002667624
348.75	0.0002733703
349.375	0.0002767651
350	0.0002849302
350.625	0.000290644
351.25	0.0002914285
351.875	0.000295313
352.5	0.0002971406
353.125	0.0003007459
353.75	0.0003049824
354.375	0.0003030291
355	0.0003043232
355.625	0.0003019297
356.25	0.0003002646
356.875	0.0003009157
357.5	0.0002947997
358.125	0.0002914331
358.75	0.0002947262
359.375	0.0002954232
360	0.0002975929
360.625	0.0002998539
361.25	0.0002988344
361.875	0.0003026812
362.5	0.0003070523
363.125	0.0003101297
363.75	0.000311635
364.375	0.0003155553
365	0.0003201312
365.625	0.0003261364
366.25	0.0003269039
366.875	0.0003239397
367.5	0.0003235236
368.125	0.0003208797
368.75	0.0003236011
369.375	0.0003235856
370	0.0003176504
370.625	0.0003179628
371.25	0.0003167657
371.875	0.0003144963
372.5	0.0003179219
373.125	0.0003132492
373.75	0.0003131598
374.375	0.0003192361
375	0.0003233317
375.625	0.0003299452
376.25	0.0003304916
376.875	0.0003334411
377.5	0.000337246
378.125	0.0003392964
378.75	0.0003421021
379.375	0.0003421593
380	0.0003403378
380.625	0.0003420597
381.25	0.0003444887
381.875	0.0003416396
382.5	0.0003356267
383.125	0.0003326827
383.75	0.0003289384
384.375	0.0003302236
385	0.0003331192
385.625	0.0003285643
386.25	0.0003306569
386.875	0.0003318586
387.5	0.0003347881
388.125	0.0003395416
388.75	0.0003378188
389.375	0.0003402559
390	0.0003439512
390.625	0.0003479859
391.25	0.0003534206
391.875	0.0003516991
392.5	0.0003485536
393.125	0.0003511897
393.75	0.0003485387
394.375	0.0003474248
395	0.0003451829
395.625	0.0003411481
396.25	0.000340479
396.875	0.0003407281
397.5	0.0003391436
398.125	0.0003347286
398.75	0.0003332281
399.375	0.0003329826
400	0.0003372925
400.625	0.0003409584
401.25	0.0003423509
401.875	0.000344785
402.5	0.0003476886
403.125	0.0003497935
403.75	0.0003538063
404.375	0.0003517237
405	0.0003513657
405.625	0.0003534241
406.25	0.0003505452
406.875	0.0003539063
407.5	0.0003498153
408.125	0.0003436132
408.75	0.0003434751
409.375	0.0003392437
410	0.0003367306
410.625	0.0003363508
411.25	0.0003331293
411.875	0.0003361271
412.5	0.0003375396
413.125	0.0003374624
413.75	0.0003394031
414.375	0.000337628
415	0.0003411002
415.625	0.0003440028
416.25	0.0003458715
416.875	0.0003449941
417.5	0.0003451224
418.125	0.0003448016
418.75	0.0003432603
419.375	0.0003423139
420	0.0003354012
420.625	0.0003335396
421.25	0.0003321271
421.875	0.0003272597
422.5	0.0003266022
423.125	0.0003221415
423.75	0.0003170222
424.375	0.0003185639
425	0.0003156733
425.625	0.0003149387
426.25	0.0003155646
426.875	0.0003149186
427.5	0.0003206214
428.125	0.0003212544
428.75	0.0003194859
429.375	0.0003198554
430	0.0003184147
430.625	0.0003178879
431.25	0.0003196922
431.875	0.0003135902
432.5	0.000310823
433.125	0.0003080645
433.75	0.0003023716
434.375	0.0003006586
435	0.0002944419
435.625	0.0002878413
436.25	0.0002860897
436.875	0.0002850678
437.5	0.0002824904
438.125	0.0002824826
438.75	0.0002793554
439.375	0.0002795617
440	0.000280424
440.625	0.0002795374
441.25	0.0002795628
441.875	0.0002780861
442.5	0.0002772828
443.125	0.0002796924
443.75	0.0002775926
444.375	0.0002705576
445	0.0002685843
445.625	0.0002616209
446.25	0.0002598244
446.875	0.0002579199
447.5	0.0002490285
448.125	0.0002449361
448.75	0.0002418105
449.375	0.0002378613
450	0.0002358737
450.625	0.0002302856
451.25	0.0002258682
451.875	0.0002266997
452.5	0.0002260645
453.125	0.0002280384
453.75	0.0002256062
454.375	0.0002222588
455	0.0002239332
455.625	0.0002234703
456.25	0.0002181046
456.875	0.0002159237
457.5	0.0002114384
458.125	0.0002068644
458.75	0.0002078943
459.375	0.0002008398
460	0.0001933993
460.625	0.0001863972
461.25	0.0001812007
461.875	0.0001794238
462.5	0.000175871
463.125	0.0001708558
463.75	0.0001677405
464.375	0.0001665604
465	0.000166673
465.625	0.0001668521
466.25	0.0001614133
466.875	0.000159592
467.5	0.0001599887
468.125	0.000158844
468.75	0.0001590231
469.375	0.000157422
470	0.0001489799
470.625	0.0001470315
471.25	0.0001444785
471.875	0.0001365623
472.5	0.000132165
473.125	0.0001245601
473.75	0.0001219997
474.375	0.0001197628
475	0.0001158112
475.625	0.0001104893
476.25	0.0001037023
476.875	0.0001000488
477.5	0.0001018797
478.125	9.990232e-5
478.75	9.727867e-5
479.375	9.693838e-5
480	9.45159e-5
480.625	9.552932e-5
481.25	9.522848e-5
481.875	8.926569e-5
482.5	8.304562e-5
483.125	8.276054e-5
483.75	7.87216e-5
484.375	7.582287e-5
485	7.161201e-5
485.625	6.465058e-5
486.25	6.026865e-5
486.875	5.4481e-5
487.5	4.954701e-5
488.125	4.308561e-5
488.75	3.837505e-5
489.375	3.786211e-5
490	3.926799e-5
490.625	3.513748e-5
491.25	3.432962e-5
491.875	3.178379e-5
492.5	2.766538e-5
493.125	3.066645e-5
493.75	2.897532e-5
494.375	2.448491e-5
495	2.433316e-5
495.625	2.184641e-5
496.25	1.997879e-5
496.875	1.626694e-5
497.5	1.120551e-5
498.125	1.221441e-5
498.75	1.135137e-5
499.375	1.016468e-5
500	1.132364e-5
500.625	1.45524e-5
501.25	1.821988e-5
501.875	2.116671e-5
502.5	2.306998e-5
503.125	2.649123e-5
503.75	2.693038e-5
504.375	3.05869e-5
505	2.839749e-5
505.625	2.545331e-5
506.25	2.998566e-5
506.875	3.238852e-5
507.5	3.359241e-5
508.125	3.954053e-5
508.75	3.898861e-5
509.375	4.265432e-5
510	4.924266e-5
510.625	5.085743e-5
511.25	5.589146e-5
511.875	5.775059e-5
512.5	6.392749e-5
513.125	7.113015e-5
513.75	7.354098e-5
514.375	7.628137e-5
515	7.779922e-5
515.625	7.728296e-5
516.25	8.128024e-5
516.875	8.213755e-5
517.5	7.950095e-5
518.125	8.331419e-5
518.75	8.600704e-5
519.375	8.666032e-5
520	8.751998e-5
520.625	8.753644e-5
521.25	8.715547e-5
521.875	9.33288e-5
522.5	9.794507e-5
523.125	0.0001025037
523.75	0.0001060117
524.375	0.0001080514
525	0.0001149013
525.625	0.0001180548
526.25	0.0001193946
526.875	0.0001221358
527.5	0.0001224165
528.125	0.0001248938
528.75	0.0001318599
529.375	0.0001290526
530	0.0001295535
530.625	0.0001298135
531.25	0.000127287
531.875	0.0001316612
532.5	0.0001318397
533.125	0.0001312602
533.75	0.0001341885
534.375	0.0001380892
535	0.0001420973
535.625	0.0001443996
536.25	0.0001431974
536.875	0.0001470485
537.5	0.000151731
538.125	0.0001571606
538.75	0.0001618109
539.375	0.000161832
540	0.0001618641
540.625	0.0001666762
541.25	0.0001692626
541.875	0.0001667092
542.5	0.0001683546
543.125	0.0001648773
543.75	0.0001684699
544.375	0.000172689
545	0.0001699912
545.625	0.0001700553
546.25	0.0001690053
546.875	0.0001698702
547.5	0.0001751593
548.125	0.0001770907
548.75	0.0001792079
549.375	0.0001837833
550	0.0001861418
550.625	0.0001929332
551.25	0.0001931585
551.875	0.0001919475
552.5	0.0001942463
553.125	0.0001975986
553.75	0.0001995395
554.375	0.0002021318
555	0.0002008304
555.625	0.0001971435
556.25	0.0002007233
556.875	0.0001992185
557.5	0.0001990017
558.125	0.000197986
558.75	0.00019663
559.375	0.0002008469
560	0.0002053101
560.625	0.0002054161
561.25	0.0002066603
561.875	0.0002059296
562.5	0.0002088862
563.125	0.0002140337
563.75	0.0002142004
564.375	0.0002174256
565	0.0002183732
565.625	0.0002200692
566.25	0.0002231986
566.875	0.0002223418
567.5	0.000217487
568.125	0.0002187412
568.75	0.0002205837
569.375	0.0002203452
570	0.0002210095
570.625	0.0002178994
571.25	0.0002170835
571.875	0.0002177579
572.5	0.0002195539
573.125	0.000218354
573.75	0.0002187664
574.375	0.0002193064
575	0.000224988
575.625	0.0002286927
576.25	0.0002287677
576.875	0.0002299213
577.5	0.0002283116
578.125	0.0002305789
578.75	0.0002336308
579.375	0.0002313168
580	0.0002311703
580.625	0.0002334607
581.25	0.0002299242
581.875	0.0002309716
582.5	0.0002279912
583.125	0.0002237431
583.75	0.0002239534
584.375	0.000225503
585	0.0002276542
585.625	0.0002260996
586.25	0.0002269723
586.875	0.0002278617
587.5	0.0002298405
588.125	0.0002298012
588.75	0.0002311002
589.375	0.0002306409
590	0.0002306596
590.625	0.0002355242
591.25	0.000236472
591.875	0.000233378
592.5	0.0002342251
593.125	0.0002313117
593.75	0.0002288308
594.375	0.0002318215
595	0.0002266625
595.625	0.0002268584
596.25	0.000227155
596.875	0.0002269687
597.5	0.000225687
598.125	0.0002226589
598.75	0.0002218697
599.375	0.000222657
600	0.0002240967
600.625	0.0002264553
601.25	0.0002273721
601.875	0.0002245888
602.5	0.0002289811
603.125	0.0002309227
603.75	0.0002278907
604.375	0.000226709
605	0.000226221
605.625	0.0002241207
606.25	0.0002269059
606.875	0.0002256131
607.5	0.0002199807
608.125	0.0002193131
608.75	0.000216265
609.375	0.0002163327
610	0.0002144142
610.625	0.0002127186
611.25	0.0002127532
611.875	0.0002144711
612.5	0.0002153814
613.125	0.0002170518
613.75	0.0002122686
614.375	0.0002119564
615	0.0002165976
615.625	0.0002140215
616.25	0.0002160106
616.875	0.0002151582
617.5	0.0002106924
618.125	0.0002115592
618.75	0.0002132051
619.375	0.000208469
620	0.0002050166
620.625	0.0002014428
621.25	0.0002014746
621.875	0.0002027923
622.5	0.0002011271
623.125	0.0001990638
623.75	0.0001947358
624.375	0.0001941788
625	0.0001960288
625.625	0.0001964407
626.25	0.0001921609
626.875	0.000195112
627.5	0.0001947376
628.125	0.0001957091
628.75	0.0001987692
629.375	0.0001916902
630	0.0001890204
630.625	0.0001922111
631.25	0.0001906708
631.875	0.0001888988
632.5	0.0001857933
633.125	0.0001810281
633.75	0.0001818032
634.375	0.0001793723
635	0.0001787414
635.625	0.0001734416
636.25	0.0001686064
636.875	0.0001724325
637.5	0.0001744488
638.125	0.0001728094
638.75	0.000171668
639.375	0.0001703589
640	0.0001675276
640.625	0.000171743
641.25	0.0001703625
641.875	0.0001667598
642.5	0.0001664664
643.125	0.0001659679
643.75	0.0001645922
644.375	0.0001635988
645	0.0001585532
645.625	0.000153791
646.25	0.0001535237
646.875	0.000153176
647.5	0.0001527637
648.125	0.0001473589
648.75	0.0001457283
649.375	0.0001465633
650	0.0001456678
650.625	0.000144417
651.25	0.0001434825
651.875	0.0001383908
652.5	0.0001410532
653.125	0.0001453575
653.75	0.0001420296
654.375	0.0001403274
655	0.0001361829
655.625	0.0001348658
656.25	0.0001348314
656.875	0.0001340883
657.5	0.0001299357
658.125	0.0001275569
658.75	0.0001262704
659.375	0.0001251655
660	0.0001223451
660.625	0.0001179806
661.25	0.0001153108
661.875	0.0001147247
662.5	0.0001159086
663.125	0.0001160296
663.75	0.0001143534
664.375	0.0001103438
665	0.0001145212
665.625	0.0001117297
666.25	0.0001099044
666.875	0.0001097115
667.5	0.0001058686
668.125	0.0001061706
668.75	0.0001080045
669.375	0.0001049191
670	0.0001001751
670.625	9.642959e-5
671.25	9.283088e-5
671.875	9.346881e-5
672.5	9.210718e-5
673.125	9.054547e-5
673.75	8.837845e-5
674.375	8.752341e-5
675	8.738103e-5
675.625	8.742147e-5
676.25	8.39022e-5
676.875	8.314491e-5
677.5	8.460271e-5
678.125	8.383924e-5
678.75	8.781578e-5
679.375	8.376258e-5
680	8.001778e-5
680.625	8.030867e-5
681.25	7.918901e-5
681.875	7.493689e-5
682.5	7.542735e-5
683.125	7.172275e-5
683.75	7.167048e-5
684.375	7.500831e-5
685	7.106226e-5
685.625	6.945671e-5
686.25	6.636837e-5
686.875	6.609225e-5
687.5	7.014509e-5
688.125	7.178985e-5
688.75	7.059637e-5
689.375	7.130087e-5
690	6.872677e-5
690.625	7.155946e-5
691.25	7.12367e-5
691.875	6.882775e-5
692.5	6.967073e-5
693.125	6.894232e-5
693.75	7.009752e-5
694.375	7.200361e-5
695	7.089612e-5
695.625	6.46321e-5
696.25	6.696746e-5
696.875	6.678796e-5
697.5	6.771517e-5
698.125	7.013296e-5
698.75	7.025055e-5
699.375	6.998879e-5
700	7.349697e-5
700.625	7.414891e-5
701.25	7.317252e-5
701.875	7.274801e-5
702.5	7.410272e-5
703.125	7.907498e-5
703.75	8.091632e-5
704.375	8.134773e-5
705	7.865042e-5
705.625	7.720963e-5
706.25	7.815496e-5
706.875	8.079068e-5
707.5	7.832218e-5
708.125	7.871068e-5
708.75	8.089796e-5
709.375	8.087098e-5
710	8.52017e-5
710.625	8.612833e-5
711.25	8.29401e-5
711.875	8.363203e-5
712.5	8.93092e-5
713.125	8.981037e-5
713.75	9.432124e-5
714.375	9.465985e-5
715	9.343802e-5
715.625	9.463691e-5
716.25	9.573621e-5
716.875	9.575299e-5
717.5	9.522972e-5
718.125	9.503557e-5
718.75	9.869156e-5
719.375	0.0001006295
720	9.931583e-5
720.625	0.0001005225
721.25	9.650728e-5
721.875	0.0001000534
722.5	0.0001045384
723.125	0.0001048073
723.75	0.0001047472
724.375	0.0001078344
725	0.0001088378
725.625	0.0001104534
726.25	0.0001146432
726.875	0.0001097987
727.5	0.0001097211
728.125	0.0001144382
728.75	0.0001165406
729.375	0.000117428
730	0.0001170999
730.625	0.0001153352
731.25	0.0001177238
731.875	0.000115337
732.5	0.000118608
733.125	0.0001186634
733.75	0.0001160093
734.375	0.0001236839
735	0.0001226666
735.625	0.0001220034
736.25	0.0001236571
736.875	0.0001228918
737.5	0.0001244463
738.125	0.0001299194
738.75	0.0001289311
739.375	0.0001291427
740	0.0001308832
740.625	0.0001319163
741.25	0.0001323912
741.875	0.0001313251
742.5	0.0001311245
743.125	0.0001295768
743.75	0.0001317013
744.375	0.0001341198
745	0.0001354064
745.625	0.0001310769
746.25	0.0001326914
746.875	0.0001344696
747.5	0.0001327313
748.125	0.0001352446
748.75	0.000137605
749.375	0.0001358102
750	0.0001400046
750.625	0.0001427559
751.25	0.0001378797
751.875	0.0001400243
752.5	0.0001383961
753.125	0.000141346
753.75	0.0001423758
754.375	0.0001410639
755	0.0001413329
755.625	0.0001394739
756.25	0.0001419973
756.875	0.0001435215
757.5	0.000138457
758.125	0.0001383807
758.75	0.000141235
759.375	0.0001403544
760	0.0001444197
760.625	0.0001438096
761.25	0.000141699
761.875	0.0001405188
762.5	0.0001444724
763.125	0.0001440375
763.75	0.0001421692
764.375	0.0001452171
765	0.0001440887
765.625	0.0001463747
766.25	0.0001461675
766.875	0.0001438708
767.5	0.0001414918
768.125	0.0001421042
768.75	0.0001438056
769.375	0.0001447297
770	0.0001417027
770.625	0.0001425542
771.25	0.0001412853
771.875	0.0001411001
772.5	0.0001449658
773.125	0.0001403603
773.75	0.000138745
774.375	0.0001415488
775	0.0001442772
775.625	0.0001439582
776.25	0.0001455571
776.875	0.0001414011
777.5	0.0001393085
778.125	0.0001415036
778.75	0.0001426501
779.375	0.000140749
780	0.0001379234
780.625	0.0001397517
781.25	0.0001398747
781.875	0.0001395072
782.5	0.0001360869
783.125	0.0001348717
783.75	0.0001330598
784.375	0.0001364379
785	0.0001386957
785.625	0.0001349135
786.25	0.0001339251
786.875	0.000135532
787.5	0.0001344793
788.125	0.0001362735
788.75	0.000133977
789.375	0.0001279048
790	0.0001325519
790.625	0.0001330349
791.25	0.0001340663
791.875	0.0001315425
792.5	0.0001276741
793.125	0.0001269035
793.75	0.0001267305
794.375	0.0001272869
795	0.0001267829
795.625	0.0001235143
796.25	0.0001226488
796.875	0.0001269888
797.5	0.0001234073
798.125	0.0001215724
798.75	0.0001201473
799.375	0.0001180539
800	0.0001203516
800.625	0.0001235673
801.25	0.0001192748
801.875	0.0001185511
802.5	0.000118204
803.125	0.0001175923
803.75	0.0001193068
804.375	0.0001141744
805	0.0001118774
805.625	0.0001110416
806.25	0.0001139401
806.875	0.0001142671
807.5	0.000111467
808.125	0.0001064396
808.75	0.0001066697
809.375	0.0001068126
810	0.0001067097
810.625	0.0001086229
811.25	0.0001042042
811.875	0.0001037313
812.5	0.0001077207
813.125	0.0001060936
813.75	0.0001019392
814.375	0.0001021753
815	9.831959e-5
815.625	0.0001012633
816.25	0.0001015728
816.875	9.870547e-5
817.5	9.757874e-5
818.125	9.511669e-5
818.75	9.598367e-5
819.375	9.512747e-5
820	9.241633e-5
820.625	9.021252e-5
821.25	9.130763e-5
821.875	9.147104e-5
822.5	9.566133e-5
823.125	9.099795e-5
823.75	8.695864e-5
824.375	8.766604e-5
825	8.668994e-5
825.625	8.767737e-5
826.25	8.868489e-5
826.875	8.534834e-5
827.5	8.314505e-5
828.125	8.60348e-5
828.75	8.53871e-5
829.375	8.28073e-5
830	7.929339e-5
830.625	7.964228e-5
831.25	7.883459e-5
831.875	8.175234e-5
832.5	7.984315e-5
833.125	7.725933e-5
833.75	7.648896e-5
834.375	7.577064e-5
835	7.812159e-5
835.625	7.438789e-5
836.25	7.462608e-5
836.875	7.468135e-5
837.5	7.564114e-5
838.125	7.840177e-5
838.75	7.637685e-5
839.375	6.959728e-5
840	7.180524e-5
840.625	7.242966e-5
841.25	7.225373e-5
841.875	7.333379e-5
842.5	7.068705e-5
843.125	6.856718e-5
843.75	6.90957e-5
844.375	7.209447e-5
845	6.837842e-5
845.625	6.76335e-5
846.25	6.716124e-5
846.875	6.950848e-5
847.5	7.104558e-5
848.125	7.19832e-5
848.75	6.975343e-5
849.375	6.740055e-5
850	6.842404e-5
850.625	7.024342e-5
851.25	6.995674e-5
851.875	6.711245e-5
852.5	7.10295e-5
853.125	6.757935e-5
853.75	6.993608e-5
854.375	7.099267e-5
855	6.435032e-5
855.625	6.502146e-5
856.25	7.042193e-5
856.875	6.927411e-5
857.5	7.173356e-5
858.125	7.007511e-5
858.75	6.77553e-5
859.375	7.039033e-5
860	7.008838e-5
860.625	7.361311e-5
861.25	6.94295e-5
861.875	6.963188e-5
862.5	7.369756e-5
863.125	7.36899e-5
863.75	7.312424e-5
864.375	7.333261e-5
865	6.965989e-5
865.625	6.985134e-5
866.25	7.477154e-5
866.875	7.370178e-5
867.5	7.336932e-5
868.125	7.49495e-5
868.75	7.46968e-5
869.375	7.333005e-5
870	7.71043e-5
870.625	7.322623e-5
871.25	7.370544e-5
871.875	7.709199e-5
872.5	7.980863e-5
873.125	7.975451e-5
873.75	7.760309e-5
874.375	7.833686e-5
875	7.804388e-5
875.625	7.866121e-5
876.25	8.128065e-5
876.875	8.096672e-5
877.5	7.685748e-5
878.125	8.274153e-5
878.75	8.256603e-5
879.375	8.101681e-5
880	8.125788e-5
880.625	7.881961e-5
881.25	7.960267e-5
881.875	8.394379e-5
882.5	8.623557e-5
883.125	8.441097e-5
883.75	8.513953e-5
884.375	8.577803e-5
885	8.618902e-5
885.625	8.566173e-5
886.25	8.72953e-5
886.875	8.529545e-5
887.5	8.86304e-5
888.125	9.099087e-5
888.75	9.013492e-5
889.375	8.639744e-5
890	8.575933e-5
890.625	8.958225e-5
891.25	8.657914e-5
891.875	8.96487e-5
892.5	9.057729e-5
893.125	8.850881e-5
893.75	9.131157e-5
894.375	9.493726e-5
895	9.127376e-5
895.625	9.027729e-5
896.25	9.104527e-5
896.875	9.224562e-5
897.5	9.455892e-5
898.125	9.652267e-5
898.75	9.580803e-5
899.375	9.328622e-5
900	9.518656e-5
900.625	9.414479e-5
901.25	9.46219e-5
901.875	9.227692e-5
902.5	9.558036e-5
903.125	9.591351e-5
903.75	9.667535e-5
904.375	9.90705e-5
905	9.34254e-5
905.625	9.251122e-5
906.25	9.689572e-5
906.875	9.707196e-5
907.5	9.549817e-5
908.125	9.811867e-5
908.75	9.665059e-5
909.375	9.963717e-5
910	0.0001005964
910.625	9.995265e-5
911.25	9.640705e-5
911.875	9.598117e-5
912.5	9.915019e-5
913.125	0.0001006791
913.75	0.0001004395
914.375	9.831393e-5
915	9.848281e-5
915.625	9.591362e-5
916.25	9.898719e-5
916.875	9.703537e-5
917.5	9.433478e-5
918.125	9.794028e-5
918.75	0.0001001761
919.375	9.900014e-5
920	0.0001009207
920.625	9.781506e-5
921.25	9.558395e-5
921.875	0.0001009435
922.5	0.0001000541
923.125	0.0001001159
923.75	9.794646e-5
924.375	9.874048e-5
925	0.0001011533
925.625	9.992403e-5
926.25	9.827088e-5
926.875	9.669903e-5
927.5	9.318071e-5
928.125	9.741231e-5
928.75	0.0001002666
929.375	9.683263e-5
930	9.791172e-5
930.625	9.524031e-5
931.25	9.564357e-5
931.875	9.656028e-5
932.5	9.71956e-5
933.125	9.346225e-5
933.75	9.580902e-5
934.375	9.858231e-5
935	9.765581e-5
935.625	9.809566e-5
936.25	9.441403e-5
936.875	9.424958e-5
937.5	9.532087e-5
938.125	9.653588e-5
938.75	9.609509e-5
939.375	9.225427e-5
940	9.095375e-5
940.625	9.685754e-5
941.25	9.259392e-5
941.875	9.151811e-5
942.5	9.012217e-5
943.125	8.63179e-5
943.75	9.164024e-5
944.375	9.285864e-5
945	9.215629e-5
945.625	8.97646e-5
946.25	8.947914e-5
946.875	8.982507e-5
947.5	9.127387e-5
948.125	8.994431e-5
948.75	8.845538e-5
949.375	8.7534e-5
950	8.976633e-5
950.625	9.000782e-5
951.25	8.617963e-5
951.875	8.419444e-5
952.5	8.342896e-5
953.125	8.443525e-5
953.75	8.305087e-5
954.375	8.527964e-5
955	8.006139e-5
955.625	8.033926e-5
956.25	8.428573e-5
956.875	8.281468e-5
957.5	8.029958e-5
958.125	7.893591e-5
958.75	7.808174e-5
959.375	7.99245e-5
960	8.25924e-5
960.625	8.019406e-5
961.25	7.875829e-5
961.875	7.588629e-5
962.5	7.827818e-5
963.125	7.678525e-5
963.75	7.541383e-5
964.375	7.474439e-5
965	7.271661e-5
965.625	7.366024e-5
966.25	7.453004e-5
966.875	7.141269e-5
967.5	6.698652e-5
968.125	6.886342e-5
968.75	6.91416e-5
969.375	6.847268e-5
970	6.756652e-5
970.625	6.839881e-5
971.25	6.528411e-5
971.875	6.896778e-5
972.5	6.954696e-5
973.125	6.447962e-5
973.75	6.416428e-5
974.375	6.29834e-5
975	6.612404e-5
975.625	6.465967e-5
976.25	6.37891e-5
976.875	6.11287e-5
977.5	5.803426e-5
978.125	5.853802e-5
978.75	5.870945e-5
979.375	5.372794e-5
980	5.518179e-5
980.625	5.60213e-5
981.25	5.388377e-5
981.875	5.533969e-5
982.5	5.388684e-5
983.125	5.115113e-5
983.75	5.024306e-5
984.375	5.434255e-5
985	5.076934e-5
985.625	5.016871e-5
986.25	5.07911e-5
986.875	4.983081e-5
987.5	4.947313e-5
988.125	4.823668e-5
988.75	4.594668e-5
989.375	4.189548e-5
990	4.204395e-5
990.625	4.502651e-5
991.25	4.366441e-5
991.875	3.941426e-5
992.5	4.142298e-5
993.125	3.670654e-5
993.75	3.646363e-5
994.375	3.861217e-5
995	3.442484e-5
995.625	3.407144e-5
996.25	3.682215e-5
996.875	3.613958e-5
997.5	3.442798e-5
998.125	3.455315e-5
998.75	3.120987e-5
999.375	3.150275e-5
1000	3.089173e-5
