Source File Name:	Analyzer
Signal:	FFT - Vib Velocity - Magnitude

Frequency	Magnitude
[ Hz ]	[ m/s ]
20	0.001427154
20.625	0.001174127
21.25	0.001060818
21.875	0.0009466841
22.5	0.0008600652
23.125	0.0007881775
23.75	0.0007330311
24.375	0.0006727932
25	0.0006261161
25.625	0.0005776629
26.25	0.0005368361
26.875	0.0004960953
27.5	0.0004676727
28.125	0.0004452755
28.75	0.0004238836
29.375	0.0004156844
30	0.0004112704
30.625	0.0004205414
31.25	0.0004240154
31.875	0.0004444215
32.5	0.0004648885
33.125	0.0004957377
33.75	0.0005162589
34.375	0.0005402843
35	0.0005475266
35.625	0.0005503735
36.25	0.0005403346
36.875	0.000526571
37.5	0.0004987423
38.125	0.0004833466
38.75	0.0004722807
39.375	0.0004608328
40	0.0004475309
40.625	0.000440326
41.25	0.0004394728
41.875	0.0004292546
42.5	0.0004264319
43.125	0.0004220587
43.75	0.0004180787
44.375	0.0004140617
45	0.0004117026
45.625	0.000406569
46.25	0.0004044891
46.875	0.0004021646
47.5	0.0004043907
48.125	0.0004024701
48.75	0.0004065555
49.375	0.0004064858
50	0.000409384
50.625	0.0004034028
51.25	0.0004032236
51.875	0.0004005526
52.5	0.0003998915
53.125	0.0003919399
53.75	0.000399444
54.375	0.0003999823
55	0.0003963822
55.625	0.000386266
56.25	0.0003906278
56.875	0.0003953589
57.5	0.0003858165
58.125	0.0003852153
58.75	0.0003810436
59.375	0.0003868467
60	0.000374048
60.625	0.0003841499
61.25	0.0003729152
61.875	0.0003744964
62.5	0.0003777998
63.125	0.0003767281
63.75	0.0003624882
64.375	0.0003693205
65	0.0003694391
65.625	0.0003639497
66.25	0.0003635813
66.875	0.0003640363
67.5	0.0003671222
68.125	0.0003551684
68.75	0.000354725
69.375	0.0003423737
70	0.0003438417
70.625	0.0003361072
71.25	0.0003368506
71.875	0.0003272172
72.5	0.000330193
73.125	0.0003279147
73.75	0.0003309794
74.375	0.0003279744
75	0.0003223715
75.625	0.0003175028
76.25	0.0003085929
76.875	0.0002999376
77.5	0.0002964805
78.125	0.0002963576
78.75	0.0002861321
79.375	0.0002867623
80	0.000281822
80.625	0.0002791611
81.25	0.0002748151
81.875	0.0002752088
82.5	0.0002632175
83.125	0.0002590247
83.75	0.0002496127
84.375	0.0002435862
85	0.0002365231
85.625	0.0002309755
86.25	0.0002305631
86.875	0.0002292737
87.5	0.000218475
88.125	0.0002129448
88.75	0.0002110291
89.375	0.0001996746
90	0.0001963446
90.625	0.0001904235
91.25	0.000185067
91.875	0.0001774674
92.5	0.0001773045
93.125	0.0001666724
93.75	0.0001644861
94.375	0.0001596555
95	0.0001565351
95.625	0.0001475927
96.25	0.0001421092
96.875	0.0001351581
97.5	0.0001307499
98.125	0.0001253419
98.75	0.0001193653
99.375	0.0001248259
100	0.00011379
100.625	0.0001073333
101.25	0.0001018199
101.875	0.0001006638
102.5	9.093893e-5
103.125	8.766681e-5
103.75	7.964587e-5
104.375	7.445368e-5
105	7.196708e-5
105.625	7.194543e-5
106.25	6.670952e-5
106.875	6.488089e-5
107.5	6.296796e-5
108.125	5.723855e-5
108.75	5.214084e-5
109.375	4.923055e-5
110	5.196538e-5
110.625	4.293946e-5
111.25	4.116464e-5
111.875	4.094457e-5
112.5	4.199834e-5
113.125	4.203456e-5
113.75	5.255407e-5
114.375	5.80005e-5
115	5.706135e-5
115.625	6.199064e-5
116.25	5.367185e-5
116.875	5.7183e-5
117.5	5.910507e-5
118.125	6.790359e-5
118.75	6.262662e-5
119.375	7.494867e-5
120	8.11823e-5
120.625	8.547592e-5
121.25	8.985473e-5
121.875	9.444454e-5
122.5	0.0001008638
123.125	9.935617e-5
123.75	0.000101041
124.375	0.000104486
125	0.0001116329
125.625	0.0001093187
126.25	0.0001200103
126.875	0.0001254671
127.5	0.0001312385
128.125	0.0001330181
128.75	0.0001465626
129.375	0.0001419664
130	0.0001512707
130.625	0.0001519932
131.25	0.00015293
131.875	0.00015632
132.5	0.0001673987
133.125	0.0001733362
133.75	0.0001753068
134.375	0.0001806654
135	0.0001854662
135.625	0.0001925
136.25	0.0001903169
136.875	0.0001933112
137.5	0.0002001529
138.125	0.0002078377
138.75	0.0002109374
139.375	0.0002206334
140	0.0002201389
140.625	0.000226392
141.25	0.0002311012
141.875	0.0002397077
142.5	0.0002358675
143.125	0.0002435713
143.75	0.0002485634
144.375	0.0002539537
145	0.0002588632
145.625	0.0002691355
146.25	0.0002783493
146.875	0.0002838717
147.5	0.0002917879
148.125	0.0002991777
148.75	0.0003119133
149.375	0.0003199906
150	0.0003327774
150.625	0.0003473577
151.25	0.0003638045
151.875	0.0003757949
152.5	0.0003957731
153.125	0.0004065708
153.75	0.0004247892
154.375	0.0004377273
155	0.0004652165
155.625	0.0004821839
156.25	0.0005077674
156.875	0.0005351386
157.5	0.0005656521
158.125	0.0005956792
158.75	0.0006319975
159.375	0.0006668644
160	0.000703686
160.625	0.0007379432
161.25	0.000781187
161.875	0.0008301833
162.5	0.0008766708
163.125	0.0009326912
163.75	0.0009906582
164.375	0.001047327
165	0.001096557
165.625	0.0011527
166.25	0.001200612
166.875	0.001235311
167.5	0.001262306
168.125	0.001280224
168.75	0.001272278
169.375	0.001248043
170	0.001211733
170.625	0.001172072
171.25	0.001117748
171.875	0.001073521
172.5	0.001022297
173.125	0.0009858877
173.75	0.0009440245
174.375	0.0009117048
175	0.0008814168
175.625	0.0008547285
176.25	0.0008240645
176.875	0.0008035941
177.5	0.0007842036
178.125	0.0007628418
178.75	0.0007450491
179.375	0.0007337573
180	0.0007200025
180.625	0.0007071767
181.25	0.0007046117
181.875	0.0006968959
182.5	0.0006912084
183.125	0.0006783328
183.75	0.0006730529
184.375	0.0006594875
185	0.0006574471
185.625	0.0006512618
186.25	0.0006478001
186.875	0.0006325953
187.5	0.0006249861
188.125	0.0006182505
188.75	0.0006076444
189.375	0.0005941184
190	0.0005861185
190.625	0.000573553
191.25	0.0005595167
191.875	0.0005537027
192.5	0.0005425615
193.125	0.0005345932
193.75	0.0005231732
194.375	0.0005193002
195	0.000502687
195.625	0.0004976267
196.25	0.0004840912
196.875	0.0004760484
197.5	0.0004659551
198.125	0.0004575907
198.75	0.0004478559
199.375	0.0004344206
200	0.0004194174
200.625	0.0004096821
201.25	0.0003981867
201.875	0.0003828272
202.5	0.0003737627
203.125	0.0003684794
203.75	0.000361196
204.375	0.000355419
205	0.0003636987
205.625	0.0003661601
206.25	0.0003736894
206.875	0.0003782937
207.5	0.0003860648
208.125	0.0003946734
208.75	0.0004067178
209.375	0.0004182964
210	0.00042505
210.625	0.0004369241
211.25	0.0004447247
211.875	0.0004578716
212.5	0.0004590334
213.125	0.0004711589
213.75	0.0004738485
214.375	0.0004785259
215	0.0004757335
215.625	0.0004806537
216.25	0.0004759495
216.875	0.0004767079
217.5	0.0004811531
218.125	0.0004834422
218.75	0.0004801444
219.375	0.0004806297
220	0.0004782514
220.625	0.000472109
221.25	0.0004646287
221.875	0.0004561056
222.5	0.0004458732
223.125	0.0004293908
223.75	0.0004172387
224.375	0.0004012006
225	0.0003870235
225.625	0.0003653138
226.25	0.000350717
226.875	0.0003242875
227.5	0.0002947559
228.125	0.0002642476
228.75	0.0002440882
229.375	0.0002087629
230	0.0001831842
230.625	0.0001546605
231.25	0.0001313261
231.875	0.0001053049
232.5	8.898333e-5
233.125	7.733503e-5
233.75	6.945872e-5
234.375	7.708144e-5
235	8.275385e-5
235.625	9.442881e-5
236.25	0.000106741
236.875	0.0001235973
237.5	0.0001334209
238.125	0.000141085
238.75	0.0001561367
239.375	0.000162947
240	0.0001787069
240.625	0.0001863485
241.25	0.0001975388
241.875	0.0001938054
242.5	0.0002029683
243.125	0.0002042408
243.75	0.0002076431
244.375	0.0002094102
245	0.0002190604
245.625	0.0002249011
246.25	0.0002253196
246.875	0.0002285825
247.5	0.0002286242
248.125	0.0002315463
248.75	0.0002281593
249.375	0.0002311164
250	0.0002266292
250.625	0.000225092
251.25	0.0002224753
251.875	0.0002295265
252.5	0.0002282645
253.125	0.0002315997
253.75	0.0002305879
254.375	0.0002288776
255	0.0002185042
255.625	0.0002165067
256.25	0.0002132194
256.875	0.00020592
257.5	0.0002052142
258.125	0.0002068826
258.75	0.0002015933
259.375	0.0001958117
260	0.000193179
260.625	0.0001906773
261.25	0.0001855852
261.875	0.0001785362
262.5	0.0001752745
263.125	0.0001675286
263.75	0.0001642042
264.375	0.0001565193
265	0.0001578841
265.625	0.0001482113
266.25	0.0001488919
266.875	0.0001422609
267.5	0.0001352124
268.125	0.0001260603
268.75	0.0001296596
269.375	0.0001254756
270	0.0001228601
270.625	0.0001231199
271.25	0.0001258015
271.875	0.0001210027
272.5	0.0001172321
273.125	0.0001181869
273.75	0.0001176431
274.375	0.0001196131
275	0.0001156148
275.625	0.0001227681
276.25	0.0001208948
276.875	0.0001277256
277.5	0.0001250912
278.125	0.0001321809
278.75	0.0001270636
279.375	0.0001333003
280	0.0001304579
280.625	0.0001292708
281.25	0.0001299814
281.875	0.0001380599
282.5	0.0001415277
283.125	0.0001410126
283.75	0.0001435946
284.375	0.0001445974
285	0.0001434121
285.625	0.0001385653
286.25	0.0001408366
286.875	0.0001377353
287.5	0.0001402536
288.125	0.0001392758
288.75	0.0001427524
289.375	0.0001389527
290	0.0001395887
290.625	0.0001416212
291.25	0.0001416307
291.875	0.0001356924
292.5	0.0001323397
293.125	0.0001298847
293.75	0.0001251169
294.375	0.0001256434
295	0.0001298916
295.625	0.000127881
296.25	0.0001269369
296.875	0.0001287156
297.5	0.0001268746
298.125	0.0001243115
298.75	0.0001158876
299.375	0.0001169968
300	0.0001121938
300.625	0.0001115041
301.25	0.0001047844
301.875	0.0001067513
302.5	0.0001029862
303.125	0.0001024468
303.75	0.0001027764
304.375	9.464084e-5
305	8.773426e-5
305.625	8.707017e-5
306.25	8.314234e-5
306.875	7.372676e-5
307.5	7.174628e-5
308.125	7.046937e-5
308.75	6.393678e-5
309.375	5.863639e-5
310	5.663602e-5
310.625	4.926033e-5
311.25	4.759119e-5
311.875	4.030143e-5
312.5	3.383127e-5
313.125	2.484242e-5
313.75	2.249996e-5
314.375	1.82451e-5
315	1.319328e-5
315.625	9.75939e-6
316.25	9.869188e-6
316.875	1.567617e-5
317.5	2.336905e-5
318.125	3.268263e-5
318.75	3.510103e-5
319.375	4.022941e-5
320	4.863457e-5
320.625	4.89274e-5
321.25	5.742157e-5
321.875	6.406835e-5
322.5	7.513862e-5
323.125	7.562362e-5
323.75	8.976435e-5
324.375	9.644592e-5
325	0.0001087536
325.625	0.0001104522
326.25	0.0001215666
326.875	0.0001241265
327.5	0.0001286431
328.125	0.0001392049
328.75	0.0001462747
329.375	0.0001541391
330	0.0001605107
330.625	0.0001775417
331.25	0.0001783718
331.875	0.0001883454
332.5	0.0001944863
333.125	0.0002054507
333.75	0.0002085906
334.375	0.0002194311
335	0.0002178146
335.625	0.0002267672
336.25	0.0002347621
336.875	0.0002466016
337.5	0.0002529359
338.125	0.0002596988
338.75	0.0002669439
339.375	0.0002687152
340	0.0002710633
340.625	0.0002715751
341.25	0.0002843376
341.875	0.0002854209
342.5	0.0002921799
343.125	0.0002977977
343.75	0.000309088
344.375	0.0003083964
345	0.0003178293
345.625	0.0003210034
346.25	0.0003226963
346.875	0.0003222119
347.5	0.000326072
348.125	0.0003255887
348.75	0.0003260819
349.375	0.0003352995
350	0.0003401688
350.625	0.0003445146
351.25	0.0003427632
351.875	0.0003516475
352.5	0.0003482115
353.125	0.0003522258
353.75	0.0003493044
354.375	0.0003558209
355	0.0003502944
355.625	0.0003529192
356.25	0.0003540035
356.875	0.0003537974
357.5	0.0003566876
358.125	0.0003591322
358.75	0.0003601209
359.375	0.0003548482
360	0.000355165
360.625	0.00035077
361.25	0.0003501127
361.875	0.0003486948
362.5	0.0003519053
363.125	0.0003490053
363.75	0.000346965
364.375	0.0003407419
365	0.0003450844
365.625	0.0003401814
366.25	0.0003382433
366.875	0.0003352289
367.5	0.0003364799
368.125	0.0003293015
368.75	0.0003282128
369.375	0.0003282464
370	0.000321844
370.625	0.0003237983
371.25	0.0003210053
371.875	0.000313714
372.5	0.000307551
373.125	0.0003104803
373.75	0.0003045133
374.375	0.0003024797
375	0.0003020367
375.625	0.0003042865
376.25	0.0002969821
376.875	0.0002938246
377.5	0.0002899598
378.125	0.0002916099
378.75	0.0002846068
379.375	0.0002798147
380	0.0002791324
380.625	0.0002771325
381.25	0.0002737955
381.875	0.0002710626
382.5	0.0002697757
383.125	0.0002653378
383.75	0.0002643263
384.375	0.0002590948
385	0.0002527701
385.625	0.000248451
386.25	0.000252453
386.875	0.0002486719
387.5	0.0002486672
388.125	0.0002438362
388.75	0.0002460513
389.375	0.0002377668
390	0.000236411
390.625	0.0002305226
391.25	0.0002269158
391.875	0.0002183828
392.5	0.0002180494
393.125	0.0002182269
393.75	0.0002118126
394.375	0.0002142793
395	0.0002152909
395.625	0.0002142975
396.25	0.0002064096
396.875	0.0002061882
397.5	0.0001968752
398.125	0.000192643
398.75	0.0001864345
399.375	0.0001878196
400	0.0001799135
400.625	0.0001792548
401.25	0.0001751033
401.875	0.000178268
402.5	0.0001714549
403.125	0.0001684855
403.75	0.0001663317
404.375	0.0001575159
405	0.0001538029
405.625	0.0001484549
406.25	0.0001483781
406.875	0.0001378512
407.5	0.0001423856
408.125	0.000136397
408.75	0.0001307705
409.375	0.0001222138
410	0.0001221548
410.625	0.000111352
411.25	0.0001096707
411.875	0.0001056256
412.5	0.0001014185
413.125	9.421282e-5
413.75	9.184898e-5
414.375	9.081343e-5
415	8.283342e-5
415.625	7.857943e-5
416.25	6.837447e-5
416.875	6.525678e-5
417.5	5.171085e-5
418.125	4.949488e-5
418.75	4.466471e-5
419.375	4.235945e-5
420	3.187926e-5
420.625	2.913793e-5
421.25	2.233778e-5
421.875	1.467742e-5
422.5	7.544003e-6
423.125	4.009309e-6
423.75	5.791279e-6
424.375	1.558472e-5
425	2.112762e-5
425.625	3.176719e-5
426.25	3.654048e-5
426.875	4.175368e-5
427.5	4.55244e-5
428.125	5.712661e-5
428.75	6.406152e-5
429.375	7.21817e-5
430	7.740837e-5
430.625	8.955981e-5
431.25	8.734547e-5
431.875	9.327215e-5
432.5	0.0001043124
433.125	0.0001119575
433.75	0.000117098
434.375	0.0001272919
435	0.0001373469
435.625	0.0001433069
436.25	0.0001520463
436.875	0.0001573366
437.5	0.0001628381
438.125	0.0001689321
438.75	0.0001744561
439.375	0.0001761336
440	0.0001832485
440.625	0.0001909097
441.25	0.0002044575
441.875	0.0002111529
442.5	0.0002196729
443.125	0.0002253059
443.75	0.0002299152
444.375	0.0002277331
445	0.0002358587
445.625	0.0002451149
446.25	0.0002485994
446.875	0.0002523345
447.5	0.000262802
448.125	0.0002697747
448.75	0.0002741105
449.375	0.0002814029
450	0.0002871805
450.625	0.0002919271
451.25	0.0002925183
451.875	0.0002985823
452.5	0.0002971429
453.125	0.0003036451
453.75	0.000308814
454.375	0.000321322
455	0.0003200837
455.625	0.0003269369
456.25	0.0003328793
456.875	0.0003349768
457.5	0.0003369608
458.125	0.0003399146
458.75	0.000342251
459.375	0.0003396834
460	0.000346841
460.625	0.0003461104
461.25	0.0003510976
461.875	0.0003534946
462.5	0.0003596251
463.125	0.0003579695
463.75	0.0003599514
464.375	0.0003587364
465	0.0003586029
465.625	0.0003531054
466.25	0.0003570503
466.875	0.000358652
467.5	0.0003585588
468.125	0.0003542634
468.75	0.00035708
469.375	0.0003599668
470	0.0003525277
470.625	0.0003528643
471.25	0.0003467779
471.875	0.0003453492
472.5	0.0003357635
473.125	0.0003393354
473.75	0.0003311397
474.375	0.0003315356
475	0.000328544
475.625	0.0003272513
476.25	0.0003202787
476.875	0.0003181912
477.5	0.0003138257
478.125	0.0003069924
478.75	0.0003001443
479.375	0.0002915182
480	0.0002891947
480.625	0.0002783743
481.25	0.0002777693
481.875	0.0002705856
482.5	0.000268801
483.125	0.0002565222
483.75	0.0002564477
484.375	0.0002430466
485	0.0002334211
485.625	0.0002266893
486.25	0.0002229638
486.875	0.0002130449
487.5	0.0002039818
488.125	0.0001992547
488.75	0.0001906646
489.375	0.0001833002
490	0.0001730347
490.625	0.0001689176
491.25	0.0001539933
491.875	0.0001468221
492.5	0.0001363023
493.125	0.0001304608
493.75	0.0001160419
494.375	0.0001131439
495	0.0001017192
495.625	9.156051e-5
496.25	8.173653e-5
496.875	7.36767e-5
497.5	6.249234e-5
498.125	5.562335e-5
498.75	5.123299e-5
499.375	3.510058e-5
500	3.199411e-5
500.625	2.47546e-5
501.25	2.513126e-5
501.875	2.390392e-5
502.5	3.256934e-5
503.125	4.188096e-5
503.75	4.684396e-5
504.375	5.783256e-5
505	6.495197e-5
505.625	7.121063e-5
506.25	7.488744e-5
506.875	8.433846e-5
507.5	8.976254e-5
508.125	0.0001007321
508.75	0.0001163737
509.375	0.0001215959
510	0.0001309016
510.625	0.0001384598
511.25	0.0001486023
511.875	0.000149605
512.5	0.0001634506
513.125	0.0001667383
513.75	0.000172529
514.375	0.0001776186
515	0.0001862431
515.625	0.0001937716
516.25	0.000203385
516.875	0.0002128243
517.5	0.0002195741
518.125	0.0002220121
518.75	0.0002249238
519.375	0.000230838
520	0.0002327391
520.625	0.0002390833
521.25	0.0002472537
521.875	0.0002535174
522.5	0.0002549149
523.125	0.0002651813
523.75	0.0002690559
524.375	0.0002728025
525	0.0002729195
525.625	0.0002791065
526.25	0.0002780779
526.875	0.0002771581
527.5	0.0002799175
528.125	0.0002885794
528.75	0.0002950541
529.375	0.0002965228
530	0.0003026421
530.625	0.0003011466
531.25	0.0003021646
531.875	0.0003032981
532.5	0.0003043355
533.125	0.0002994398
533.75	0.0003034101
534.375	0.0003029171
535	0.0002997208
535.625	0.0003006859
536.25	0.000310994
536.875	0.0003096933
537.5	0.0003094067
538.125	0.000310291
538.75	0.0003072506
539.375	0.0003015325
540	0.0002966726
540.625	0.0002970522
541.25	0.0002934567
541.875	0.0002911889
542.5	0.0002873828
543.125	0.0002889229
543.75	0.0002850244
544.375	0.0002817647
545	0.0002795356
545.625	0.0002767356
546.25	0.0002694394
546.875	0.000267102
547.5	0.00025805
548.125	0.0002531882
548.75	0.0002503939
549.375	0.0002500493
550	0.000240953
550.625	0.0002347535
551.25	0.000231188
551.875	0.0002217405
552.5	0.0002178179
553.125	0.0002120111
553.75	0.0002074232
554.375	0.0001945389
555	0.0001927506
555.625	0.0001881471
556.25	0.0001820516
556.875	0.0001713592
557.5	0.0001685662
558.125	0.0001611748
558.75	0.0001502585
559.375	0.0001418181
560	0.0001367761
560.625	0.0001280543
561.25	0.0001229725
561.875	0.0001201443
562.5	0.0001085504
563.125	0.0001012835
563.75	9.360696e-5
564.375	8.91276e-5
565	7.697677e-5
565.625	7.160135e-5
566.25	6.118442e-5
566.875	5.804547e-5
567.5	4.845029e-5
568.125	4.361161e-5
568.75	3.933328e-5
569.375	3.448521e-5
570	3.593418e-5
570.625	3.199736e-5
571.25	3.311621e-5
571.875	3.669329e-5
572.5	3.994255e-5
573.125	3.769701e-5
573.75	4.403842e-5
574.375	5.125769e-5
575	5.326523e-5
575.625	6.755953e-5
576.25	7.374152e-5
576.875	8.465934e-5
577.5	8.889545e-5
578.125	0.0001032671
578.75	0.0001039883
579.375	0.0001109811
580	0.0001139901
580.625	0.0001195598
581.25	0.000121751
581.875	0.0001254241
582.5	0.0001383484
583.125	0.0001469735
583.75	0.0001555251
584.375	0.0001606766
585	0.0001713755
585.625	0.0001714858
586.25	0.0001803022
586.875	0.0001803353
587.5	0.0001841545
588.125	0.0001844362
588.75	0.0001952393
589.375	0.0001951137
590	0.0001994296
590.625	0.0002071433
591.25	0.0002166262
591.875	0.0002230513
592.5	0.0002235969
593.125	0.0002290176
593.75	0.0002270149
594.375	0.0002309696
595	0.0002336405
595.625	0.0002440176
596.25	0.0002414825
596.875	0.0002477242
597.5	0.0002517227
598.125	0.0002569833
598.75	0.0002556824
599.375	0.0002609779
600	0.0002613136
600.625	0.0002634125
601.25	0.0002665859
601.875	0.000268727
602.5	0.000270965
603.125	0.0002771931
603.75	0.0002851814
604.375	0.0002845086
605	0.0002875289
605.625	0.0002839268
606.25	0.000288259
606.875	0.0002835371
607.5	0.0002879971
608.125	0.000291748
608.75	0.0002949166
609.375	0.000292598
610	0.0002987298
610.625	0.0003042044
611.25	0.0003015247
611.875	0.0003043697
612.5	0.0003089497
613.125	0.0003062059
613.75	0.0003028341
614.375	0.0003052703
615	0.0003051789
615.625	0.0003067081
616.25	0.0003076923
616.875	0.0003126419
617.5	0.0003087794
618.125	0.000309073
618.75	0.0003059453
619.375	0.0003109305
620	0.0003086854
620.625	0.0003109814
621.25	0.000310702
621.875	0.0003078771
622.5	0.000305417
623.125	0.0003076415
623.75	0.0003054022
624.375	0.0002998645
625	0.0003021981
625.625	0.000299077
626.25	0.0002954568
626.875	0.000295274
627.5	0.0002973828
628.125	0.0002936303
628.75	0.0002965533
629.375	0.0002947022
630	0.0002925277
630.625	0.0002825656
631.25	0.0002795897
631.875	0.0002776585
632.5	0.0002756111
633.125	0.0002692236
633.75	0.0002717409
634.375	0.0002712016
635	0.0002654164
635.625	0.0002665983
636.25	0.0002668648
636.875	0.0002610438
637.5	0.0002536419
638.125	0.000250056
638.75	0.0002414183
639.375	0.0002396061
640	0.0002361577
640.625	0.0002346338
641.25	0.0002300536
641.875	0.0002327869
642.5	0.0002259129
643.125	0.0002215662
643.75	0.0002135676
644.375	0.0002109598
645	0.000205343
645.625	0.0001953063
646.25	0.0001915055
646.875	0.0001879584
647.5	0.0001852094
648.125	0.0001785645
648.75	0.0001821302
649.375	0.000173415
650	0.0001659473
650.625	0.0001599589
651.25	0.0001558015
651.875	0.0001443945
652.5	0.0001402429
653.125	0.0001357994
653.75	0.0001326535
654.375	0.0001283979
655	0.0001257115
655.625	0.0001215702
656.25	0.0001173059
656.875	0.0001154676
657.5	0.0001077709
658.125	0.0001020738
658.75	9.820619e-5
659.375	0.0001031301
660	9.796042e-5
660.625	9.871405e-5
661.25	0.0001008761
661.875	0.0001012311
662.5	0.0001016793
663.125	0.0001049948
663.75	0.0001075365
664.375	0.0001058057
665	0.0001119371
665.625	0.0001129054
666.25	0.0001172629
666.875	0.0001215506
667.5	0.0001307432
668.125	0.0001365486
668.75	0.0001384593
669.375	0.000144919
670	0.0001510359
670.625	0.000155078
671.25	0.0001556615
671.875	0.0001664829
672.5	0.0001673669
673.125	0.0001708328
673.75	0.0001774016
674.375	0.0001862367
675	0.00019194
675.625	0.0002023415
676.25	0.0002074052
676.875	0.0002097126
677.5	0.0002155276
678.125	0.0002208943
678.75	0.0002221151
679.375	0.0002278217
680	0.0002349145
680.625	0.0002360732
681.25	0.0002424208
681.875	0.0002496115
682.5	0.0002612822
683.125	0.000262237
683.75	0.0002696701
684.375	0.000273743
685	0.0002768742
685.625	0.0002723379
686.25	0.0002778334
686.875	0.0002871288
687.5	0.0002896754
688.125	0.0002951708
688.75	0.0003013276
689.375	0.0003066901
690	0.0003092846
690.625	0.0003151638
691.25	0.0003161681
691.875	0.0003187093
692.5	0.0003174694
693.125	0.0003204671
693.75	0.0003194627
694.375	0.0003238654
695	0.0003285296
695.625	0.0003346376
696.25	0.0003365381
696.875	0.0003406116
697.5	0.0003404814
698.125	0.0003346976
698.75	0.0003374059
699.375	0.0003415344
700	0.0003379908
700.625	0.0003336094
701.25	0.0003393734
701.875	0.0003385023
702.5	0.0003377004
703.125	0.0003395971
703.75	0.0003412956
704.375	0.0003357083
705	0.0003322036
705.625	0.0003275671
706.25	0.0003279775
706.875	0.0003237925
707.5	0.0003244851
708.125	0.0003248741
708.75	0.0003250615
709.375	0.0003197001
710	0.0003162038
710.625	0.0003120626
711.25	0.0003031498
711.875	0.0003041915
712.5	0.0002965729
713.125	0.0002899468
713.75	0.0002830799
714.375	0.0002851671
715	0.0002804861
715.625	0.0002792929
716.25	0.0002774439
716.875	0.0002713213
717.5	0.000262001
718.125	0.0002552834
718.75	0.0002478357
719.375	0.0002382478
720	0.0002307692
720.625	0.0002287381
721.25	0.000224246
721.875	0.0002157222
722.5	0.0002134565
723.125	0.0002087151
723.75	0.0002033572
724.375	0.0001943999
725	0.0001907689
725.625	0.0001751314
726.25	0.0001661273
726.875	0.0001590994
727.5	0.0001539351
728.125	0.0001440607
728.75	0.0001388729
729.375	0.0001334194
730	0.0001272775
730.625	0.0001204238
731.25	0.0001112988
731.875	0.000104645
732.5	9.403723e-5
733.125	8.821198e-5
733.75	7.749377e-5
734.375	6.976939e-5
735	6.053529e-5
735.625	6.116561e-5
736.25	4.838824e-5
736.875	4.153838e-5
737.5	3.848588e-5
738.125	2.965335e-5
738.75	2.033108e-5
739.375	2.051738e-5
740	1.732872e-5
740.625	9.960739e-6
741.25	1.651334e-5
741.875	2.109496e-5
742.5	2.448459e-5
743.125	3.411592e-5
743.75	3.824124e-5
744.375	4.675014e-5
745	5.026065e-5
745.625	5.910475e-5
746.25	6.116602e-5
746.875	6.638253e-5
747.5	6.769473e-5
748.125	7.375061e-5
748.75	7.535849e-5
749.375	8.346621e-5
750	8.692398e-5
750.625	8.822268e-5
751.25	9.659996e-5
751.875	0.000100996
752.5	0.0001029406
753.125	0.0001033061
753.75	0.0001156899
754.375	0.0001136287
755	0.0001168607
755.625	0.0001168597
756.25	0.000123002
756.875	0.0001222981
757.5	0.0001287753
758.125	0.0001325434
758.75	0.0001332663
759.375	0.0001302271
760	0.0001336255
760.625	0.0001374662
761.25	0.0001363793
761.875	0.0001397824
762.5	0.0001413812
763.125	0.0001462065
763.75	0.0001425271
764.375	0.0001486493
765	0.000142661
765.625	0.00014632
766.25	0.0001435365
766.875	0.0001445547
767.5	0.0001377188
768.125	0.0001393999
768.75	0.0001414361
769.375	0.0001419019
770	0.0001443937
770.625	0.0001425899
771.25	0.0001447035
771.875	0.000135295
772.5	0.0001341825
773.125	0.0001300924
773.75	0.000128181
774.375	0.0001189889
775	0.0001218189
775.625	0.0001174292
776.25	0.0001139736
776.875	0.0001139476
777.5	0.0001164027
778.125	0.0001102063
778.75	0.000106496
779.375	0.0001013153
780	9.106097e-5
780.625	8.466517e-5
781.25	7.948204e-5
781.875	7.844821e-5
782.5	7.219629e-5
783.125	7.20139e-5
783.75	6.43304e-5
784.375	6.190031e-5
785	5.37729e-5
785.625	5.227513e-5
786.25	4.484223e-5
786.875	3.73969e-5
787.5	2.968251e-5
788.125	2.627601e-5
788.75	1.798246e-5
789.375	1.529995e-5
790	1.4297e-5
790.625	1.406309e-5
791.25	8.093931e-6
791.875	1.247321e-5
792.5	1.764125e-5
793.125	3.258036e-5
793.75	3.432153e-5
794.375	3.974088e-5
795	4.25067e-5
795.625	5.390518e-5
796.25	5.601458e-5
796.875	5.884811e-5
797.5	6.550703e-5
798.125	7.249021e-5
798.75	7.858919e-5
799.375	8.74928e-5
800	0.0001017363
800.625	0.0001068993
801.25	0.0001165461
801.875	0.0001187763
802.5	0.0001214739
803.125	0.0001234914
803.75	0.0001314976
804.375	0.000131384
805	0.0001396076
805.625	0.0001494738
806.25	0.0001590689
806.875	0.0001612303
807.5	0.0001707985
808.125	0.0001789727
808.75	0.0001846271
809.375	0.0001847725
810	0.0001861064
810.625	0.0001926923
811.25	0.0001927427
811.875	0.0001988214
812.5	0.0002059242
813.125	0.0002138246
813.75	0.000213073
814.375	0.0002213001
815	0.0002243142
815.625	0.0002251135
816.25	0.0002278354
816.875	0.0002327807
817.5	0.0002331584
818.125	0.000234282
818.75	0.0002377803
819.375	0.0002396912
820	0.0002415316
820.625	0.0002449719
821.25	0.0002486001
821.875	0.0002458291
822.5	0.0002463855
823.125	0.0002467404
823.75	0.0002501179
824.375	0.0002474981
825	0.0002518563
825.625	0.000250116
826.25	0.0002494456
826.875	0.0002522061
827.5	0.0002525231
828.125	0.0002474727
828.75	0.0002464702
829.375	0.0002499667
830	0.0002467461
830.625	0.0002413177
831.25	0.0002424056
831.875	0.0002455276
832.5	0.0002434729
833.125	0.0002404407
833.75	0.0002394437
834.375	0.0002392146
835	0.0002324432
835.625	0.0002313944
836.25	0.000228584
836.875	0.0002267078
837.5	0.000220957
838.125	0.0002221278
838.75	0.0002159237
839.375	0.0002136681
840	0.0002150462
840.625	0.0002095156
841.25	0.0002037143
841.875	0.0002001175
842.5	0.0001969451
843.125	0.0001888368
843.75	0.0001900629
844.375	0.0001859126
845	0.0001805394
845.625	0.0001733855
846.25	0.0001734223
846.875	0.0001679703
847.5	0.0001604072
848.125	0.0001553947
848.75	0.0001541149
849.375	0.0001480571
850	0.0001386304
850.625	0.0001346986
851.25	0.0001315243
851.875	0.0001281903
852.5	0.000122862
853.125	0.0001205645
853.75	0.0001102289
854.375	0.0001077707
855	0.0001047958
855.625	9.980144e-5
856.25	9.486676e-5
856.875	9.057634e-5
857.5	8.762407e-5
858.125	8.282634e-5
858.75	8.211902e-5
859.375	7.717696e-5
860	7.767971e-5
860.625	7.677917e-5
861.25	7.705959e-5
861.875	6.966412e-5
862.5	7.120156e-5
863.125	8.021765e-5
863.75	7.771565e-5
864.375	7.430311e-5
865	7.591762e-5
865.625	7.936226e-5
866.25	7.70087e-5
866.875	8.492672e-5
867.5	8.834284e-5
868.125	9.334581e-5
868.75	9.55096e-5
869.375	0.0001011326
870	0.0001027042
870.625	0.00010634
871.25	0.0001094206
871.875	0.0001148559
872.5	0.0001179187
873.125	0.0001203018
873.75	0.0001261267
874.375	0.0001293422
875	0.000137677
875.625	0.0001431073
876.25	0.0001484701
876.875	0.0001432733
877.5	0.0001509796
878.125	0.0001523572
878.75	0.0001564536
879.375	0.0001601131
880	0.0001684836
880.625	0.0001676426
881.25	0.0001721858
881.875	0.0001793922
882.5	0.0001806823
883.125	0.0001832669
883.75	0.0001846756
884.375	0.0001883762
885	0.0001846348
885.625	0.0001879818
886.25	0.0001908062
886.875	0.0001965336
887.5	0.0001948939
888.125	0.0002028298
888.75	0.0002025013
889.375	0.0002014536
890	0.0001966687
890.625	0.0002014773
891.25	0.0002016357
891.875	0.0001996126
892.5	0.0002002637
893.125	0.0001973802
893.75	0.0002010493
894.375	0.0001993987
895	0.0002019773
895.625	0.0001966792
896.25	0.0001996466
896.875	0.0001952277
897.5	0.0001920675
898.125	0.0001842393
898.75	0.0001868041
899.375	0.0001858475
900	0.0001805036
900.625	0.0001779929
901.25	0.0001807806
901.875	0.0001759318
902.5	0.0001693693
903.125	0.0001723006
903.75	0.0001691779
904.375	0.0001642291
905	0.0001562021
905.625	0.0001566389
906.25	0.0001497241
906.875	0.0001498232
907.5	0.0001429954
908.125	0.0001393976
908.75	0.000134209
909.375	0.0001315875
910	0.0001270429
910.625	0.000122353
911.25	0.0001199291
911.875	0.0001164314
912.5	0.0001143939
913.125	0.0001077495
913.75	0.0001056659
914.375	9.740573e-5
915	8.978421e-5
915.625	8.522193e-5
916.25	8.36112e-5
916.875	7.118877e-5
917.5	6.659584e-5
918.125	6.59091e-5
918.75	6.485562e-5
919.375	5.736687e-5
920	5.650235e-5
920.625	5.187654e-5
921.25	4.21879e-5
921.875	3.685358e-5
922.5	3.060066e-5
923.125	2.455466e-5
923.75	1.266244e-5
924.375	1.382141e-5
925	7.428623e-6
925.625	6.562271e-6
926.25	7.607475e-6
926.875	9.482595e-6
927.5	1.232101e-5
928.125	1.825096e-5
928.75	2.546821e-5
929.375	3.106325e-5
930	3.986435e-5
930.625	4.085809e-5
931.25	4.586759e-5
931.875	5.106466e-5
932.5	5.527739e-5
933.125	5.799627e-5
933.75	6.408433e-5
934.375	7.183654e-5
935	7.344965e-5
935.625	7.847701e-5
936.25	8.400087e-5
936.875	9.15311e-5
937.5	9.12288e-5
938.125	9.502094e-5
938.75	9.749374e-5
939.375	9.840899e-5
940	0.0001001978
940.625	0.000109454
941.25	0.0001144253
941.875	0.0001186068
942.5	0.0001264501
943.125	0.000130834
943.75	0.000127947
944.375	0.0001288493
945	0.0001335857
945.625	0.0001328914
946.25	0.0001334033
946.875	0.000134226
947.5	0.0001393096
948.125	0.0001432489
948.75	0.0001522797
949.375	0.0001561901
950	0.0001597883
950.625	0.0001594407
951.25	0.0001609108
951.875	0.0001577568
952.5	0.0001547375
953.125	0.0001574401
953.75	0.0001603996
954.375	0.0001592517
955	0.0001626256
955.625	0.0001682405
956.25	0.0001676101
956.875	0.0001680857
957.5	0.0001720907
958.125	0.000175102
958.75	0.0001677733
959.375	0.0001650388
960	0.0001619106
960.625	0.0001658443
961.25	0.0001635585
961.875	0.0001665022
962.5	0.000165691
963.125	0.0001643773
963.75	0.0001636128
964.375	0.0001601975
965	0.0001572502
965.625	0.000155283
966.25	0.0001589929
966.875	0.0001518153
967.5	0.0001487098
968.125	0.0001489898
968.75	0.0001494828
969.375	0.0001420141
970	0.0001435603
970.625	0.0001403553
971.25	0.0001364641
971.875	0.0001274848
972.5	0.0001270647
973.125	0.0001249721
973.75	0.0001230984
974.375	0.0001201308
975	0.0001188428
975.625	0.0001159699
976.25	0.0001088912
976.875	0.0001098629
977.5	0.0001032357
978.125	9.890393e-5
978.75	9.407385e-5
979.375	9.419912e-5
980	8.391579e-5
980.625	8.174749e-5
981.25	8.151614e-5
981.875	8.166501e-5
982.5	7.857907e-5
983.125	7.600936e-5
983.75	7.029263e-5
984.375	6.530957e-5
985	6.228079e-5
985.625	5.716846e-5
986.25	5.321719e-5
986.875	4.857396e-5
987.5	4.789053e-5
988.125	4.085745e-5
988.75	4.091348e-5
989.375	4.058619e-5
990	4.09913e-5
990.625	3.267777e-5
991.25	3.411699e-5
991.875	3.167345e-5
992.5	2.374501e-5
993.125	1.952746e-5
993.75	2.02741e-5
994.375	1.939114e-5
995	1.475997e-5
995.625	2.080221e-5
996.25	2.418546e-5
996.875	2.756502e-5
997.5	3.221832e-5
998.125	3.313739e-5
998.75	3.436903e-5
999.375	3.129405e-5
1000	3.567853e-5
