Source File Name:	Analyzer
Signal:	FFT - Vib Velocity - Magnitude

Frequency	Magnitude
[ Hz ]	[ m/s ]
20	0.001244885
20.625	0.001106708
21.25	0.001000813
21.875	0.000900183
22.5	0.0008272365
23.125	0.0007725595
23.75	0.0006975936
24.375	0.0006779841
25	0.0006540745
25.625	0.0006109599
26.25	0.0005885529
26.875	0.0005673827
27.5	0.0005489616
28.125	0.0005385056
28.75	0.0005308361
29.375	0.0005240214
30	0.0005230554
30.625	0.0005273581
31.25	0.0005266466
31.875	0.0005278282
32.5	0.0005281924
33.125	0.0005162484
33.75	0.0005023456
34.375	0.0004873454
35	0.0004592348
35.625	0.0004275182
36.25	0.0004015395
36.875	0.0003764326
37.5	0.0003526137
38.125	0.0003382281
38.75	0.0003278372
39.375	0.0003146194
40	0.0003049572
40.625	0.0002966315
41.25	0.0002831942
41.875	0.000276402
42.5	0.0002684733
43.125	0.0002567403
43.75	0.0002503335
44.375	0.0002474384
45	0.0002393536
45.625	0.0002310575
46.25	0.0002277329
46.875	0.0002169538
47.5	0.000206693
48.125	0.0002009936
48.75	0.0001917026
49.375	0.0001789442
50	0.0001715672
50.625	0.0001688039
51.25	0.0001613446
51.875	0.0001586742
52.5	0.0001584664
53.125	0.0001467382
53.75	0.0001423782
54.375	0.00014451
55	0.0001301005
55.625	0.0001284496
56.25	0.0001263829
56.875	0.0001205224
57.5	0.0001209504
58.125	0.0001165742
58.75	0.0001181735
59.375	0.0001111768
60	0.000108643
60.625	0.0001021279
61.25	0.0001007921
61.875	9.973921e-5
62.5	9.552042e-5
63.125	9.39782e-5
63.75	9.601223e-5
64.375	9.483543e-5
65	9.254011e-5
65.625	9.23992e-5
66.25	8.730484e-5
66.875	8.265442e-5
67.5	8.164632e-5
68.125	7.865212e-5
68.75	7.683027e-5
69.375	7.884177e-5
70	7.931248e-5
70.625	7.49433e-5
71.25	7.609528e-5
71.875	7.422594e-5
72.5	6.71972e-5
73.125	6.562159e-5
73.75	6.20811e-5
74.375	5.547745e-5
75	5.668111e-5
75.625	5.864249e-5
76.25	5.380893e-5
76.875	5.295863e-5
77.5	5.308218e-5
78.125	4.871641e-5
78.75	4.451284e-5
79.375	4.387589e-5
80	3.822978e-5
80.625	3.580343e-5
81.25	3.749083e-5
81.875	3.652995e-5
82.5	3.624771e-5
83.125	4.063713e-5
83.75	3.680518e-5
84.375	3.607324e-5
85	3.995007e-5
85.625	3.562916e-5
86.25	3.366105e-5
86.875	3.845846e-5
87.5	3.794638e-5
88.125	4.206951e-5
88.75	4.824351e-5
89.375	4.851418e-5
90	4.966281e-5
90.625	5.542437e-5
91.25	5.389176e-5
91.875	5.297665e-5
92.5	5.543823e-5
93.125	5.720277e-5
93.75	5.796375e-5
94.375	6.522621e-5
95	6.884357e-5
95.625	7.073174e-5
96.25	7.488058e-5
96.875	7.69287e-5
97.5	7.262121e-5
98.125	7.466912e-5
98.75	7.563835e-5
99.375	7.502804e-5
100	8.018578e-5
100.625	8.526592e-5
101.25	8.53948e-5
101.875	8.804895e-5
102.5	9.128849e-5
103.125	9.028382e-5
103.75	8.858587e-5
104.375	9.122523e-5
105	8.77696e-5
105.625	8.696657e-5
106.25	9.280129e-5
106.875	9.331593e-5
107.5	9.333693e-5
108.125	9.770731e-5
108.75	9.712759e-5
109.375	9.362234e-5
110	9.522938e-5
110.625	9.468507e-5
111.25	9.232313e-5
111.875	9.314837e-5
112.5	9.577852e-5
113.125	9.480483e-5
113.75	9.91475e-5
114.375	0.0001013243
115	9.828957e-5
115.625	9.808088e-5
116.25	0.000101571
116.875	9.787099e-5
117.5	9.676439e-5
118.125	9.944897e-5
118.75	9.917617e-5
119.375	9.935863e-5
120	0.0001041937
120.625	0.0001045259
121.25	0.0001045127
121.875	0.000108141
122.5	0.000109345
123.125	0.0001078668
123.75	0.000110672
124.375	0.0001119692
125	0.0001108204
125.625	0.0001143094
126.25	0.0001175559
126.875	0.0001178624
127.5	0.0001228778
128.125	0.0001278924
128.75	0.0001271145
129.375	0.0001317254
130	0.0001352856
130.625	0.000133982
131.25	0.0001351914
131.875	0.000140738
132.5	0.0001428068
133.125	0.0001464342
133.75	0.000153593
134.375	0.0001572189
135	0.000158969
135.625	0.0001645975
136.25	0.0001665129
136.875	0.0001660493
137.5	0.0001709383
138.125	0.0001742445
138.75	0.0001775532
139.375	0.000186304
140	0.0001946984
140.625	0.0001986876
141.25	0.0002064351
141.875	0.0002123672
142.5	0.0002142049
143.125	0.0002162604
143.75	0.0002224232
144.375	0.0002243135
145	0.0002315235
145.625	0.0002417789
146.25	0.0002503691
146.875	0.0002570048
147.5	0.000270195
148.125	0.0002764129
148.75	0.0002830679
149.375	0.0002922537
150	0.000301626
150.625	0.0003100318
151.25	0.0003255993
151.875	0.0003407234
152.5	0.0003559946
153.125	0.0003746372
153.75	0.0003943948
154.375	0.0004105342
155	0.0004315131
155.625	0.0004546381
156.25	0.0004743321
156.875	0.0004966194
157.5	0.0005239387
158.125	0.0005493556
158.75	0.0005758145
159.375	0.0006071501
160	0.0006359235
160.625	0.0006650332
161.25	0.0006984451
161.875	0.0007309921
162.5	0.000759948
163.125	0.0007951309
163.75	0.0008296153
164.375	0.0008621745
165	0.0008943012
165.625	0.0009272707
166.25	0.0009506679
166.875	0.0009693718
167.5	0.0009799104
168.125	0.0009771883
168.75	0.0009575799
169.375	0.0009317438
170	0.0008927106
170.625	0.0008457426
171.25	0.0007980245
171.875	0.0007527837
172.5	0.0007035268
173.125	0.0006616786
173.75	0.000624738
174.375	0.0005922727
175	0.0005619191
175.625	0.000539244
176.25	0.0005146735
176.875	0.0004917568
177.5	0.0004731813
178.125	0.0004560386
178.75	0.0004363236
179.375	0.0004239099
180	0.0004114081
180.625	0.0003993552
181.25	0.0003919551
181.875	0.0003864528
182.5	0.000376669
183.125	0.0003683642
183.75	0.0003602187
184.375	0.0003481821
185	0.0003375046
185.625	0.0003287939
186.25	0.0003176971
186.875	0.0003071807
187.5	0.0003034079
188.125	0.0002960857
188.75	0.0002890015
189.375	0.00028226
190	0.0002754774
190.625	0.000264073
191.25	0.000258095
191.875	0.0002488056
192.5	0.0002409586
193.125	0.0002359605
193.75	0.0002336881
194.375	0.0002267977
195	0.0002250109
195.625	0.0002219412
196.25	0.0002164376
196.875	0.0002101148
197.5	0.0002071963
198.125	0.0002002403
198.75	0.0001947142
199.375	0.000191938
200	0.0001883774
200.625	0.0001843396
201.25	0.0001852102
201.875	0.000182734
202.5	0.0001783258
203.125	0.0001776262
203.75	0.0001760078
204.375	0.0001713706
205	0.0001683822
205.625	0.0001650844
206.25	0.0001591034
206.875	0.000156806
207.5	0.0001548929
208.125	0.000151594
208.75	0.0001492192
209.375	0.0001507135
210	0.0001469806
210.625	0.000144759
211.25	0.0001432044
211.875	0.0001398932
212.5	0.0001339838
213.125	0.0001348293
213.75	0.0001331353
214.375	0.0001335441
215	0.0001356783
215.625	0.000138983
216.25	0.0001384214
216.875	0.0001418538
217.5	0.0001421606
218.125	0.0001411146
218.75	0.000140815
219.375	0.000144799
220	0.0001462223
220.625	0.000151916
221.25	0.0001598478
221.875	0.0001658964
222.5	0.0001723818
223.125	0.0001807966
223.75	0.0001854277
224.375	0.0001895491
225	0.0001969533
225.625	0.0002016836
226.25	0.000206088
226.875	0.0002130942
227.5	0.0002204316
228.125	0.0002232215
228.75	0.0002265213
229.375	0.0002284012
230	0.0002267792
230.625	0.0002219576
231.25	0.0002181649
231.875	0.0002088292
232.5	0.0002010862
233.125	0.0001944515
233.75	0.0001878551
234.375	0.0001780875
235	0.0001746743
235.625	0.000168509
236.25	0.0001625027
236.875	0.0001561317
237.5	0.0001515027
238.125	0.000142362
238.75	0.0001375652
239.375	0.0001324035
240	0.0001268922
240.625	0.0001216361
241.25	0.0001206977
241.875	0.0001164822
242.5	0.0001137491
243.125	0.0001134708
243.75	0.0001104848
244.375	0.0001062476
245	0.0001036066
245.625	9.959494e-5
246.25	9.539741e-5
246.875	9.391798e-5
247.5	9.024858e-5
248.125	8.684979e-5
248.75	8.606599e-5
249.375	8.628648e-5
250	8.261696e-5
250.625	8.263184e-5
251.25	8.061239e-5
251.875	7.705019e-5
252.5	7.308791e-5
253.125	7.219973e-5
253.75	6.739012e-5
254.375	6.679439e-5
255	6.729815e-5
255.625	6.77869e-5
256.25	6.829525e-5
256.875	7.099054e-5
257.5	6.856128e-5
258.125	6.653269e-5
258.75	6.500997e-5
259.375	6.262765e-5
260	5.923721e-5
260.625	5.943007e-5
261.25	6.013878e-5
261.875	6.017338e-5
262.5	6.279275e-5
263.125	6.241954e-5
263.75	6.014777e-5
264.375	5.892929e-5
265	5.81147e-5
265.625	5.247873e-5
266.25	5.121949e-5
266.875	5.01824e-5
267.5	4.919753e-5
268.125	4.825646e-5
268.75	5.052508e-5
269.375	4.806428e-5
270	4.688363e-5
270.625	4.389252e-5
271.25	4.14615e-5
271.875	3.576144e-5
272.5	3.449151e-5
273.125	3.105362e-5
273.75	2.732195e-5
274.375	2.375079e-5
275	2.433846e-5
275.625	2.171276e-5
276.25	2.146709e-5
276.875	2.108948e-5
277.5	2.109319e-5
278.125	1.882376e-5
278.75	2.034175e-5
279.375	2.12672e-5
280	2.068068e-5
280.625	1.932858e-5
281.25	2.096269e-5
281.875	2.071999e-5
282.5	1.936223e-5
283.125	1.888854e-5
283.75	2.028469e-5
284.375	1.861718e-5
285	1.958166e-5
285.625	1.986325e-5
286.25	2.001536e-5
286.875	1.940492e-5
287.5	2.195011e-5
288.125	1.922255e-5
288.75	1.812327e-5
289.375	1.707733e-5
290	1.693181e-5
290.625	1.301617e-5
291.25	1.461205e-5
291.875	1.41532e-5
292.5	1.632433e-5
293.125	1.804953e-5
293.75	2.161176e-5
294.375	2.010048e-5
295	2.291556e-5
295.625	2.29629e-5
296.25	2.305617e-5
296.875	2.140608e-5
297.5	2.463876e-5
298.125	2.354943e-5
298.75	2.591746e-5
299.375	2.866849e-5
300	3.190657e-5
300.625	3.281917e-5
301.25	3.571125e-5
301.875	3.536279e-5
302.5	3.450804e-5
303.125	3.407917e-5
303.75	3.466366e-5
304.375	3.206229e-5
305	3.342091e-5
305.625	3.755198e-5
306.25	3.994696e-5
306.875	4.290295e-5
307.5	4.693599e-5
308.125	4.795259e-5
308.75	4.839207e-5
309.375	5.055319e-5
310	4.963069e-5
310.625	4.943206e-5
311.25	5.175091e-5
311.875	5.531651e-5
312.5	5.748522e-5
313.125	6.354645e-5
313.75	6.699987e-5
314.375	6.94433e-5
315	7.046545e-5
315.625	7.431838e-5
316.25	7.31547e-5
316.875	7.662316e-5
317.5	7.833368e-5
318.125	8.024266e-5
318.75	8.228671e-5
319.375	8.868323e-5
320	8.933611e-5
320.625	9.266938e-5
321.25	9.620544e-5
321.875	9.929876e-5
322.5	0.0001003041
323.125	0.0001037956
323.75	0.0001048475
324.375	0.0001058466
325	0.000108705
325.625	0.000110826
326.25	0.0001121519
326.875	0.0001162562
327.5	0.0001201884
328.125	0.0001207981
328.75	0.0001245182
329.375	0.0001264407
330	0.0001263734
330.625	0.0001259293
331.25	0.0001278782
331.875	0.0001269289
332.5	0.0001301216
333.125	0.0001329152
333.75	0.0001350119
334.375	0.0001364343
335	0.0001406282
335.625	0.0001401944
336.25	0.0001386219
336.875	0.0001384724
337.5	0.000138829
338.125	0.000138583
338.75	0.0001424813
339.375	0.000145428
340	0.000147467
340.625	0.0001523363
341.25	0.0001543124
341.875	0.0001542425
342.5	0.0001555817
343.125	0.0001559645
343.75	0.0001537803
344.375	0.0001565417
345	0.000159705
345.625	0.0001634527
346.25	0.0001662141
346.875	0.0001721239
347.5	0.0001722978
348.125	0.0001751432
348.75	0.0001756227
349.375	0.0001750929
350	0.0001737408
350.625	0.0001781546
351.25	0.0001779087
351.875	0.0001814382
352.5	0.0001854016
353.125	0.0001881897
353.75	0.0001885307
354.375	0.0001908465
355	0.0001900201
355.625	0.0001887816
356.25	0.0001900371
356.875	0.0001904226
357.5	0.0001910366
358.125	0.0001946779
358.75	0.0001984457
359.375	0.0001976459
360	0.0002009637
360.625	0.0002022541
361.25	0.0002011581
361.875	0.0002000986
362.5	0.0002019803
363.125	0.0002006908
363.75	0.0002037021
364.375	0.0002052853
365	0.0002063502
365.625	0.0002074744
366.25	0.0002121249
366.875	0.0002111872
367.5	0.0002118665
368.125	0.0002132518
368.75	0.0002130743
369.375	0.0002120298
370	0.0002144249
370.625	0.0002153964
371.25	0.000216362
371.875	0.0002215698
372.5	0.0002231393
373.125	0.0002253694
373.75	0.000228708
374.375	0.0002300673
375	0.0002270176
375.625	0.0002293722
376.25	0.0002296548
376.875	0.0002315357
377.5	0.0002340892
378.125	0.0002399095
378.75	0.0002420701
379.375	0.0002469939
380	0.0002490147
380.625	0.0002478433
381.25	0.0002468698
381.875	0.0002490676
382.5	0.000247297
383.125	0.0002496183
383.75	0.0002549282
384.375	0.0002570054
385	0.0002598486
385.625	0.0002633451
386.25	0.000263567
386.875	0.0002614658
387.5	0.0002627862
388.125	0.0002608661
388.75	0.0002611529
389.375	0.0002638783
390	0.0002668675
390.625	0.0002656498
391.25	0.0002703298
391.875	0.0002704927
392.5	0.0002690858
393.125	0.0002676508
393.75	0.0002679011
394.375	0.0002639168
395	0.0002661148
395.625	0.0002662047
396.25	0.0002656717
396.875	0.0002666979
397.5	0.0002693212
398.125	0.0002666054
398.75	0.0002661637
399.375	0.0002664662
400	0.000263325
400.625	0.0002607412
401.25	0.0002609135
401.875	0.0002601056
402.5	0.0002584323
403.125	0.0002607474
403.75	0.0002590446
404.375	0.0002588021
405	0.000260482
405.625	0.0002589822
406.25	0.0002543768
406.875	0.0002556609
407.5	0.0002539619
408.125	0.0002524149
408.75	0.0002525396
409.375	0.0002535632
410	0.0002524696
410.625	0.0002553535
411.25	0.0002562692
411.875	0.0002538648
412.5	0.0002540064
413.125	0.0002544407
413.75	0.0002504308
414.375	0.000249576
415	0.0002525356
415.625	0.0002507539
416.25	0.0002529529
416.875	0.0002554031
417.5	0.0002563606
418.125	0.0002555872
418.75	0.0002573777
419.375	0.0002531017
420	0.0002515377
420.625	0.0002520158
421.25	0.0002518828
421.875	0.0002499254
422.5	0.0002551799
423.125	0.0002557723
423.75	0.0002559407
424.375	0.0002563157
425	0.0002556886
425.625	0.0002500042
426.25	0.0002508438
426.875	0.0002491386
427.5	0.0002474121
428.125	0.0002492795
428.75	0.0002523999
429.375	0.0002506186
430	0.0002517373
430.625	0.0002520035
431.25	0.0002466906
431.875	0.000243967
432.5	0.0002435299
433.125	0.0002409491
433.75	0.0002401117
434.375	0.0002424429
435	0.0002403309
435.625	0.0002408085
436.25	0.000242003
436.875	0.000238846
437.5	0.0002343937
438.125	0.0002353941
438.75	0.0002322239
439.375	0.0002290413
440	0.0002298692
440.625	0.0002293697
441.25	0.0002266839
441.875	0.0002276201
442.5	0.0002267866
443.125	0.0002232361
443.75	0.0002240936
444.375	0.0002223276
445	0.0002178625
445.625	0.0002165838
446.25	0.000217592
446.875	0.0002123403
447.5	0.0002126917
448.125	0.0002126282
448.75	0.0002113799
449.375	0.0002100063
450	0.0002110356
450.625	0.0002046165
451.25	0.0002031479
451.875	0.0002017041
452.5	0.0001974223
453.125	0.0001923208
453.75	0.0001947666
454.375	0.0001922322
455	0.0001904804
455.625	0.000190583
456.25	0.0001878037
456.875	0.000182028
457.5	0.0001805032
458.125	0.0001753535
458.75	0.0001691589
459.375	0.0001682511
460	0.0001664813
460.625	0.0001628683
461.25	0.0001630358
461.875	0.0001628149
462.5	0.000156836
463.125	0.0001538059
463.75	0.0001503326
464.375	0.0001438466
465	0.0001409503
465.625	0.0001407505
466.25	0.000136307
466.875	0.0001370949
467.5	0.0001390199
468.125	0.0001354895
468.75	0.0001322811
469.375	0.0001322342
470	0.0001262452
470.625	0.0001224205
471.25	0.0001236047
471.875	0.0001220374
472.5	0.0001217131
473.125	0.0001249809
473.75	0.0001255294
474.375	0.0001232039
475	0.0001252278
475.625	0.0001209795
476.25	0.000117727
476.875	0.0001189091
477.5	0.0001193209
478.125	0.0001155173
478.75	0.0001195748
479.375	0.0001205235
480	0.0001194622
480.625	0.0001195694
481.25	0.0001195747
481.875	0.0001144525
482.5	0.000114804
483.125	0.0001143138
483.75	0.000109886
484.375	0.0001087838
485	0.0001110222
485.625	0.0001070345
486.25	0.0001054565
486.875	0.0001068496
487.5	0.0001033154
488.125	0.0001003528
488.75	9.934264e-5
489.375	9.40208e-5
490	8.936651e-5
490.625	8.936443e-5
491.25	8.390736e-5
491.875	8.037563e-5
492.5	8.210757e-5
493.125	8.117208e-5
493.75	7.52995e-5
494.375	7.522919e-5
495	7.086245e-5
495.625	6.454244e-5
496.25	6.183794e-5
496.875	5.883073e-5
497.5	5.372508e-5
498.125	5.65024e-5
498.75	5.706367e-5
499.375	5.264414e-5
500	5.310275e-5
500.625	5.091598e-5
501.25	4.51866e-5
501.875	4.365829e-5
502.5	4.482892e-5
503.125	4.186312e-5
503.75	4.718533e-5
504.375	4.994659e-5
505	4.937929e-5
505.625	5.087336e-5
506.25	5.205045e-5
506.875	4.69142e-5
507.5	4.888996e-5
508.125	5.172751e-5
508.75	5.096213e-5
509.375	5.573234e-5
510	6.128523e-5
510.625	6.064929e-5
511.25	6.27251e-5
511.875	6.575481e-5
512.5	6.250717e-5
513.125	6.260676e-5
513.75	6.523715e-5
514.375	6.415313e-5
515	6.642674e-5
515.625	7.210352e-5
516.25	7.152191e-5
516.875	7.23843e-5
517.5	7.692277e-5
518.125	7.536254e-5
518.75	7.276481e-5
519.375	7.569681e-5
520	7.524481e-5
520.625	7.483891e-5
521.25	7.974124e-5
521.875	7.972553e-5
522.5	8.008128e-5
523.125	8.529805e-5
523.75	8.621236e-5
524.375	8.214164e-5
525	8.585822e-5
525.625	8.719553e-5
526.25	8.572539e-5
526.875	8.800027e-5
527.5	9.186145e-5
528.125	9.077948e-5
528.75	9.666067e-5
529.375	9.896155e-5
530	9.79198e-5
530.625	0.0001007299
531.25	0.0001047011
531.875	0.0001007364
532.5	0.0001030365
533.125	0.0001073367
533.75	0.0001068102
534.375	0.000109116
535	0.0001150402
535.625	0.0001156592
536.25	0.0001180669
536.875	0.000122675
537.5	0.0001203767
538.125	0.000118878
538.75	0.0001230993
539.375	0.000122643
540	0.000122107
540.625	0.0001286273
541.25	0.0001313738
541.875	0.0001321982
542.5	0.00013705
543.125	0.0001375121
543.75	0.0001336364
544.375	0.0001357625
545	0.0001358091
545.625	0.0001332941
546.25	0.0001378063
546.875	0.000142176
547.5	0.0001417097
548.125	0.0001463793
548.75	0.0001500715
549.375	0.0001456792
550	0.0001458652
550.625	0.0001481239
551.25	0.0001460635
551.875	0.0001475571
552.5	0.0001535966
553.125	0.000153508
553.75	0.0001566295
554.375	0.0001614235
555	0.0001600363
555.625	0.0001587125
556.25	0.0001637695
556.875	0.0001630663
557.5	0.0001624253
558.125	0.0001685654
558.75	0.0001716178
559.375	0.0001712918
560	0.0001773796
560.625	0.0001787747
561.25	0.0001781778
561.875	0.0001833184
562.5	0.0001848458
563.125	0.0001817838
563.75	0.0001869412
564.375	0.0001915024
565	0.0001895613
565.625	0.0001929853
566.25	0.0001980252
566.875	0.0001982755
567.5	0.0002012722
568.125	0.0002052207
568.75	0.0002021415
569.375	0.0002037013
570	0.0002078918
570.625	0.0002049241
571.25	0.0002041155
571.875	0.0002103855
572.5	0.0002100883
573.125	0.0002104418
573.75	0.0002150671
574.375	0.0002144699
575	0.0002118615
575.625	0.0002148335
576.25	0.0002120127
576.875	0.0002082124
577.5	0.0002110345
578.125	0.000212098
578.75	0.0002085574
579.375	0.0002126926
580	0.0002149995
580.625	0.0002114614
581.25	0.0002113441
581.875	0.0002114723
582.5	0.0002054371
583.125	0.0002044969
583.75	0.0002061252
584.375	0.0002024623
585	0.0002036838
585.625	0.0002082636
586.25	0.0002060344
586.875	0.0002050577
587.5	0.0002073233
588.125	0.0002028263
588.75	0.0001990447
589.375	0.0002021525
590	0.0002004671
590.625	0.0001989876
591.25	0.0002042998
591.875	0.0002058793
592.5	0.0002047
593.125	0.0002084426
593.75	0.0002064638
594.375	0.0002024898
595	0.000205321
595.625	0.0002067402
596.25	0.000203472
596.875	0.0002081277
597.5	0.0002126819
598.125	0.0002120038
598.75	0.0002141358
599.375	0.0002172173
600	0.0002136141
600.625	0.0002152416
601.25	0.0002177638
601.875	0.0002144624
602.5	0.0002154711
603.125	0.0002217858
603.75	0.0002193769
604.375	0.000219199
605	0.000224178
605.625	0.0002239041
606.25	0.0002221965
606.875	0.0002253141
607.5	0.0002230334
608.125	0.0002214737
608.75	0.0002246236
609.375	0.0002230661
610	0.0002183758
610.625	0.000223591
611.25	0.0002247836
611.875	0.000221839
612.5	0.0002232611
613.125	0.000224793
613.75	0.000219563
614.375	0.000220113
615	0.0002188936
615.625	0.0002135614
616.25	0.0002146453
616.875	0.0002184806
617.5	0.0002148832
618.125	0.0002158499
618.75	0.0002186664
619.375	0.0002144891
620	0.0002105807
620.625	0.0002114211
621.25	0.0002067797
621.875	0.0002040203
622.5	0.0002076262
623.125	0.0002068655
623.75	0.0002056205
624.375	0.0002097642
625	0.0002083199
625.625	0.0002032756
626.25	0.0002042573
626.875	0.0002018962
627.5	0.0001963276
628.125	0.0001983895
628.75	0.0002001038
629.375	0.0001971152
630	0.0002001051
630.625	0.0002028044
631.25	0.0001980932
631.875	0.000197557
632.5	0.0001973391
633.125	0.0001913189
633.75	0.0001903121
634.375	0.0001930224
635	0.0001886364
635.625	0.0001888379
636.25	0.0001933582
636.875	0.0001913807
637.5	0.0001875568
638.125	0.0001888565
638.75	0.0001842289
639.375	0.0001806882
640	0.0001811151
640.625	0.0001781255
641.25	0.0001735267
641.875	0.0001785323
642.5	0.0001771773
643.125	0.0001718668
643.75	0.000172607
644.375	0.0001728593
645	0.0001659464
645.625	0.0001652413
646.25	0.0001633058
646.875	0.0001583526
647.5	0.0001585898
648.125	0.0001591216
648.75	0.0001531071
649.375	0.0001537586
650	0.0001561791
650.625	0.0001507006
651.25	0.0001481378
651.875	0.0001489284
652.5	0.0001448029
653.125	0.000141253
653.75	0.0001425986
654.375	0.0001384969
655	0.0001384176
655.625	0.0001423135
656.25	0.0001406561
656.875	0.0001371503
657.5	0.0001409862
658.125	0.0001379707
658.75	0.0001332051
659.375	0.0001336092
660	0.0001328563
660.625	0.000129978
661.25	0.0001348558
661.875	0.000136706
662.5	0.0001341431
663.125	0.0001366438
663.75	0.0001366678
664.375	0.0001309894
665	0.0001298112
665.625	0.0001308563
666.25	0.0001260685
666.875	0.0001284099
667.5	0.0001322817
668.125	0.0001304118
668.75	0.0001293368
669.375	0.0001322382
670	0.00012594
670.625	0.0001224248
671.25	0.0001220587
671.875	0.0001185445
672.5	0.000115252
673.125	0.0001195318
673.75	0.0001168537
674.375	0.000113639
675	0.0001158481
675.625	0.0001129215
676.25	0.0001052026
676.875	0.0001038373
677.5	0.0001016832
678.125	9.549433e-5
678.75	9.540571e-5
679.375	9.332998e-5
680	8.879778e-5
680.625	8.930453e-5
681.25	8.931528e-5
681.875	8.046735e-5
682.5	7.89958e-5
683.125	7.859495e-5
683.75	7.28833e-5
684.375	6.782009e-5
685	6.888944e-5
685.625	6.368248e-5
686.25	6.381221e-5
686.875	6.417319e-5
687.5	5.983546e-5
688.125	5.72448e-5
688.75	6.053364e-5
689.375	5.470871e-5
690	5.085744e-5
690.625	5.324084e-5
691.25	5.063117e-5
691.875	4.890366e-5
692.5	5.226686e-5
693.125	5.216295e-5
693.75	5.06925e-5
694.375	5.531266e-5
695	5.16134e-5
695.625	4.907251e-5
696.25	5.163157e-5
696.875	5.116508e-5
697.5	4.673646e-5
698.125	5.284745e-5
698.75	5.346053e-5
699.375	5.292416e-5
700	5.625134e-5
700.625	5.659242e-5
701.25	5.184322e-5
701.875	5.397528e-5
702.5	5.337793e-5
703.125	4.828978e-5
703.75	5.165266e-5
704.375	5.407859e-5
705	5.279708e-5
705.625	5.583787e-5
706.25	5.866425e-5
706.875	5.214999e-5
707.5	5.340102e-5
708.125	5.327442e-5
708.75	4.892331e-5
709.375	4.846654e-5
710	5.394179e-5
710.625	5.2092e-5
711.25	5.575858e-5
711.875	5.887317e-5
712.5	5.527292e-5
713.125	5.437538e-5
713.75	5.726979e-5
714.375	5.28817e-5
715	5.200781e-5
715.625	5.923896e-5
716.25	5.856904e-5
716.875	6.055317e-5
717.5	6.418582e-5
718.125	6.457401e-5
718.75	6.249459e-5
719.375	6.777158e-5
720	6.358579e-5
720.625	6.447152e-5
721.25	6.982249e-5
721.875	7.212881e-5
722.5	6.856088e-5
723.125	7.543723e-5
723.75	7.650931e-5
724.375	7.558995e-5
725	7.762525e-5
725.625	7.889057e-5
726.25	7.675415e-5
726.875	8.127854e-5
727.5	8.302592e-5
728.125	7.860006e-5
728.75	8.350673e-5
729.375	8.759808e-5
730	8.583356e-5
730.625	8.637065e-5
731.25	9.138243e-5
731.875	8.809956e-5
732.5	9.013186e-5
733.125	9.089372e-5
733.75	8.850278e-5
734.375	8.829765e-5
735	9.505794e-5
735.625	9.241035e-5
736.25	9.455658e-5
736.875	0.0001000926
737.5	0.0001001906
738.125	9.720727e-5
738.75	0.0001012439
739.375	9.897769e-5
740	9.713502e-5
740.625	0.0001027784
741.25	0.0001038196
741.875	0.0001046317
742.5	0.00011094
743.125	0.0001141799
743.75	0.0001109088
744.375	0.0001157954
745	0.0001148807
745.625	0.0001132099
746.25	0.0001156171
746.875	0.0001214879
747.5	0.0001187953
748.125	0.0001263359
748.75	0.0001308695
749.375	0.0001313791
750	0.0001317403
750.625	0.0001363952
751.25	0.0001324789
751.875	0.0001350014
752.5	0.0001388934
753.125	0.0001377756
753.75	0.0001397317
754.375	0.0001476606
755	0.0001486008
755.625	0.0001469402
756.25	0.0001514673
756.875	0.0001503871
757.5	0.0001492143
758.125	0.0001507319
758.75	0.0001514983
759.375	0.0001480941
760	0.0001562129
760.625	0.0001562339
761.25	0.0001543598
761.875	0.0001554441
762.5	0.0001597203
763.125	0.0001528064
763.75	0.0001542375
764.375	0.0001533585
765	0.0001518075
765.625	0.000151624
766.25	0.0001551934
766.875	0.000149342
767.5	0.0001511556
768.125	0.000155077
768.75	0.0001515243
769.375	0.0001475452
770	0.0001510133
770.625	0.0001489908
771.25	0.0001450258
771.875	0.0001472685
772.5	0.000143704
773.125	0.0001432487
773.75	0.0001466339
774.375	0.0001477758
775	0.0001426879
775.625	0.0001492859
776.25	0.00014769
776.875	0.000144692
777.5	0.0001440133
778.125	0.0001465649
778.75	0.0001414772
779.375	0.0001472787
780	0.0001495776
780.625	0.0001491736
781.25	0.0001519974
781.875	0.0001563728
782.5	0.0001517343
783.125	0.000151981
783.75	0.0001547233
784.375	0.0001510928
785	0.0001537489
785.625	0.0001590151
786.25	0.0001602957
786.875	0.0001602838
787.5	0.0001677858
788.125	0.0001639837
788.75	0.0001631186
789.375	0.0001633251
790	0.0001641045
790.625	0.0001598841
791.25	0.0001675518
791.875	0.0001664035
792.5	0.0001674404
793.125	0.0001705785
793.75	0.0001737484
794.375	0.0001658731
795	0.000168351
795.625	0.0001679043
796.25	0.00016511
796.875	0.0001644845
797.5	0.0001673932
798.125	0.00016431
798.75	0.0001673047
799.375	0.0001705921
800	0.0001644442
800.625	0.0001633158
801.25	0.0001660024
801.875	0.000162834
802.5	0.0001571817
803.125	0.0001613076
803.75	0.0001572369
804.375	0.0001583186
805	0.0001591767
805.625	0.0001588901
806.25	0.0001539174
806.875	0.0001608275
807.5	0.0001562664
808.125	0.0001521904
808.75	0.0001521779
809.375	0.0001545844
810	0.0001482163
810.625	0.0001508123
811.25	0.0001508134
811.875	0.0001488691
812.5	0.0001512546
813.125	0.0001522107
813.75	0.0001469163
814.375	0.0001471729
815	0.0001503948
815.625	0.0001436533
816.25	0.0001432963
816.875	0.0001446115
817.5	0.0001443132
818.125	0.00014176
818.75	0.0001476912
819.375	0.0001421383
820	0.0001428558
820.625	0.0001429776
821.25	0.0001417231
821.875	0.0001330879
822.5	0.000137788
823.125	0.0001338645
823.75	0.0001331863
824.375	0.0001350911
825	0.0001370226
825.625	0.0001313066
826.25	0.0001344359
826.875	0.0001321137
827.5	0.0001251781
828.125	0.0001232941
828.75	0.0001230468
829.375	0.0001193741
830	0.0001198625
830.625	0.0001236936
831.25	0.0001179059
831.875	0.0001200277
832.5	0.0001192523
833.125	0.0001143428
833.75	0.0001073221
834.375	0.0001124162
835	0.0001058984
835.625	0.000106397
836.25	0.0001072282
836.875	0.000108681
837.5	0.0001049093
838.125	0.0001097729
838.75	0.0001027991
839.375	9.982487e-5
840	0.0001019668
840.625	0.000101716
841.25	9.579839e-5
841.875	9.955312e-5
842.5	0.0001018642
843.125	9.881928e-5
843.75	0.0001015172
844.375	9.972241e-5
845	9.755699e-5
845.625	9.902193e-5
846.25	0.0001020009
846.875	9.362078e-5
847.5	9.812733e-5
848.125	9.904159e-5
848.75	9.841321e-5
849.375	9.5197e-5
850	0.0001012859
850.625	9.624896e-5
851.25	9.927239e-5
851.875	9.903614e-5
852.5	9.70586e-5
853.125	9.253562e-5
853.75	9.768391e-5
854.375	9.246368e-5
855	8.976126e-5
855.625	9.293096e-5
856.25	9.345603e-5
856.875	8.997844e-5
857.5	9.1945e-5
858.125	9.086789e-5
858.75	8.385873e-5
859.375	8.579112e-5
860	8.210757e-5
860.625	7.679213e-5
861.25	7.48686e-5
861.875	7.955585e-5
862.5	7.2138e-5
863.125	7.485898e-5
863.75	7.281677e-5
864.375	6.968161e-5
865	6.352e-5
865.625	6.666603e-5
866.25	5.581707e-5
866.875	5.399337e-5
867.5	5.333376e-5
868.125	5.235138e-5
868.75	4.750321e-5
869.375	5.128133e-5
870	4.563694e-5
870.625	4.281533e-5
871.25	4.277399e-5
871.875	3.729634e-5
872.5	3.054504e-5
873.125	3.233154e-5
873.75	3.257605e-5
874.375	2.722308e-5
875	3.315736e-5
875.625	3.032086e-5
876.25	3.01031e-5
876.875	2.821225e-5
877.5	2.841659e-5
878.125	2.13568e-5
878.75	2.948997e-5
879.375	2.760233e-5
880	2.685639e-5
880.625	3.170362e-5
881.25	3.517267e-5
881.875	3.093952e-5
882.5	3.240756e-5
883.125	3.366952e-5
883.75	3.021902e-5
884.375	3.520538e-5
885	3.4232e-5
885.625	3.290578e-5
886.25	3.504484e-5
886.875	4.147319e-5
887.5	3.346623e-5
888.125	3.662459e-5
888.75	3.736519e-5
889.375	3.747494e-5
890	3.37669e-5
890.625	3.832012e-5
891.25	3.138786e-5
891.875	3.469051e-5
892.5	3.580018e-5
893.125	3.375273e-5
893.75	3.083945e-5
894.375	3.691277e-5
895	3.379741e-5
895.625	3.086076e-5
896.25	3.318821e-5
896.875	2.956983e-5
897.5	2.740072e-5
898.125	2.852743e-5
898.75	2.947727e-5
899.375	2.563072e-5
900	3.441516e-5
900.625	3.102215e-5
901.25	3.061346e-5
901.875	2.952604e-5
902.5	3.155574e-5
903.125	2.403085e-5
903.75	3.074463e-5
904.375	2.990615e-5
905	3.076916e-5
905.625	3.615201e-5
906.25	3.943581e-5
906.875	3.487398e-5
907.5	3.638319e-5
908.125	3.810511e-5
908.75	3.314198e-5
909.375	3.726058e-5
910	3.800518e-5
910.625	3.92188e-5
911.25	4.170383e-5
911.875	4.94554e-5
912.5	4.183088e-5
913.125	4.524245e-5
913.75	4.542285e-5
914.375	4.55708e-5
915	4.082701e-5
915.625	4.722254e-5
916.25	4.330025e-5
916.875	4.867633e-5
917.5	5.160337e-5
918.125	5.058273e-5
918.75	4.75977e-5
919.375	5.427938e-5
920	5.148146e-5
920.625	4.736836e-5
921.25	5.12614e-5
921.875	5.129169e-5
922.5	5.203475e-5
923.125	5.434098e-5
923.75	5.654681e-5
924.375	5.285775e-5
925	6.116145e-5
925.625	5.859241e-5
926.25	5.623758e-5
926.875	5.660646e-5
927.5	6.376177e-5
928.125	5.712374e-5
928.75	6.232354e-5
929.375	6.351326e-5
930	6.59071e-5
930.625	6.63332e-5
931.25	7.253142e-5
931.875	6.684876e-5
932.5	7.057947e-5
933.125	7.454981e-5
933.75	7.246833e-5
934.375	7.043475e-5
935	7.566216e-5
935.625	7.627064e-5
936.25	7.557569e-5
936.875	8.239964e-5
937.5	8.06418e-5
938.125	8.214377e-5
938.75	8.481697e-5
939.375	8.675641e-5
940	7.945984e-5
940.625	8.559429e-5
941.25	8.313514e-5
941.875	8.376035e-5
942.5	8.438693e-5
943.125	9.057834e-5
943.75	8.462779e-5
944.375	9.156699e-5
945	9.043495e-5
945.625	8.780803e-5
946.25	8.315496e-5
946.875	8.787086e-5
947.5	8.153341e-5
948.125	8.290914e-5
948.75	8.525298e-5
949.375	8.504625e-5
950	8.417379e-5
950.625	8.835777e-5
951.25	8.377703e-5
951.875	7.777509e-5
952.5	8.068115e-5
953.125	7.719678e-5
953.75	7.383526e-5
954.375	7.408914e-5
955	7.824409e-5
955.625	7.352815e-5
956.25	7.926152e-5
956.875	7.407596e-5
957.5	7.140431e-5
958.125	6.955556e-5
958.75	7.363726e-5
959.375	6.338123e-5
960	6.782576e-5
960.625	6.931442e-5
961.25	7.02541e-5
961.875	6.861934e-5
962.5	7.221368e-5
963.125	6.72984e-5
963.75	7.013622e-5
964.375	7.220937e-5
965	6.728392e-5
965.625	6.851571e-5
966.25	7.368375e-5
966.875	7.36267e-5
967.5	7.055837e-5
968.125	7.847084e-5
968.75	7.61831e-5
969.375	7.952982e-5
970	8.027249e-5
970.625	8.234545e-5
971.25	7.719815e-5
971.875	8.622742e-5
972.5	8.229178e-5
973.125	8.229986e-5
973.75	8.416952e-5
974.375	9.07469e-5
975	8.578679e-5
975.625	9.18151e-5
976.25	9.186316e-5
976.875	9.110322e-5
977.5	9.143963e-5
978.125	9.438916e-5
978.75	8.833171e-5
979.375	8.951034e-5
980	9.403464e-5
980.625	9.142407e-5
981.25	9.261112e-5
981.875	9.532781e-5
982.5	9.473306e-5
983.125	9.127752e-5
983.75	9.617284e-5
984.375	8.942848e-5
985	8.744319e-5
985.625	8.7619e-5
986.25	9.0454e-5
986.875	8.387143e-5
987.5	9.040851e-5
988.125	8.729617e-5
988.75	8.787231e-5
989.375	8.588763e-5
990	8.715719e-5
990.625	7.664556e-5
991.25	7.994581e-5
991.875	7.891074e-5
992.5	7.646999e-5
993.125	7.489542e-5
993.75	8.019616e-5
994.375	7.69652e-5
995	7.726136e-5
995.625	7.672689e-5
996.25	7.115127e-5
996.875	7.016984e-5
997.5	7.178028e-5
998.125	6.828512e-5
998.75	6.401801e-5
999.375	7.274011e-5
1000	7.005596e-5
