Source File Name:	Analyzer
Signal:	FFT - Vib Velocity - Magnitude

Frequency	Magnitude
[ Hz ]	[ m/s ]
20	0.0007611154
20.625	0.0006567237
21.25	0.0005663617
21.875	0.0004987394
22.5	0.0004593279
23.125	0.0004375998
23.75	0.0003986656
24.375	0.0003488744
25	0.0003543866
25.625	0.0003443342
26.25	0.0003332132
26.875	0.0003485448
27.5	0.0003720875
28.125	0.0004131843
28.75	0.0004661806
29.375	0.0005102993
30	0.0005617334
30.625	0.000589318
31.25	0.0006037751
31.875	0.0006070815
32.5	0.0005851751
33.125	0.0005784336
33.75	0.0005607581
34.375	0.0005492257
35	0.0005396647
35.625	0.000538344
36.25	0.0005276883
36.875	0.0005239251
37.5	0.0005258532
38.125	0.0005238296
38.75	0.0005281424
39.375	0.0005254296
40	0.0005191638
40.625	0.0005065122
41.25	0.0005158937
41.875	0.0005090269
42.5	0.000515378
43.125	0.0005220959
43.75	0.0005265231
44.375	0.0005341969
45	0.0005295431
45.625	0.0005305473
46.25	0.000521077
46.875	0.0005123109
47.5	0.0005125788
48.125	0.0005051302
48.75	0.0005088984
49.375	0.000508844
50	0.0005096414
50.625	0.0005171658
51.25	0.0005098105
51.875	0.0005121127
52.5	0.0005004342
53.125	0.0005015203
53.75	0.000498183
54.375	0.0004939247
55	0.0004967398
55.625	0.0004872349
56.25	0.0004969721
56.875	0.0004907395
57.5	0.0004902388
58.125	0.0004803869
58.75	0.0004763716
59.375	0.0004724639
60	0.0004818477
60.625	0.0004777838
61.25	0.000457454
61.875	0.0004666265
62.5	0.0004601767
63.125	0.00046526
63.75	0.0004590788
64.375	0.0004550151
65	0.0004534402
65.625	0.0004462186
66.25	0.00044843
66.875	0.0004400644
67.5	0.0004342421
68.125	0.0004426758
68.75	0.0004388923
69.375	0.0004398888
70	0.0004343641
70.625	0.0004303499
71.25	0.0004277971
71.875	0.0004156164
72.5	0.0004103524
73.125	0.000403287
73.75	0.0004063644
74.375	0.0004091911
75	0.0004110048
75.625	0.0004103107
76.25	0.0004050723
76.875	0.000395734
77.5	0.0003921689
78.125	0.0003881493
78.75	0.000378885
79.375	0.0003867313
80	0.0003776454
80.625	0.0003879556
81.25	0.0003927713
81.875	0.0003889665
82.5	0.0003873736
83.125	0.0003822058
83.75	0.0003796634
84.375	0.000377383
85	0.0003756015
85.625	0.0003660135
86.25	0.0003704609
86.875	0.0003725375
87.5	0.0003765366
88.125	0.0003764441
88.75	0.0003741736
89.375	0.0003754931
90	0.0003747646
90.625	0.0003736436
91.25	0.0003725831
91.875	0.0003689262
92.5	0.0003750041
93.125	0.0003775282
93.75	0.0003729669
94.375	0.0003753024
95	0.0003750757
95.625	0.000380293
96.25	0.000377396
96.875	0.0003787512
97.5	0.0003712155
98.125	0.0003735734
98.75	0.0003795448
99.375	0.0003809761
100	0.0003828566
100.625	0.0003816933
101.25	0.0003846358
101.875	0.000385466
102.5	0.0003885715
103.125	0.0003764631
103.75	0.0003817741
104.375	0.0003801027
105	0.0003871985
105.625	0.0003967328
106.25	0.0003932126
106.875	0.0003960081
107.5	0.0003967117
108.125	0.0004023302
108.75	0.000393921
109.375	0.0003889033
110	0.0003914721
110.625	0.0003924443
111.25	0.0003996659
111.875	0.0004045985
112.5	0.0004086835
113.125	0.0004164109
113.75	0.0004154311
114.375	0.0004234015
115	0.0004138049
115.625	0.000414286
116.25	0.0004222546
116.875	0.0004210682
117.5	0.0004301262
118.125	0.0004274221
118.75	0.0004314484
119.375	0.0004392611
120	0.0004459398
120.625	0.0004477647
121.25	0.0004555809
121.875	0.0004512911
122.5	0.0004574163
123.125	0.0004669306
123.75	0.0004676296
124.375	0.0004774419
125	0.0004766991
125.625	0.0004936829
126.25	0.000497666
126.875	0.0005074058
127.5	0.0005099847
128.125	0.00051077
128.75	0.0005251998
129.375	0.0005298274
130	0.0005410007
130.625	0.0005510555
131.25	0.000557615
131.875	0.0005752677
132.5	0.0005820931
133.125	0.0005905037
133.75	0.0005957762
134.375	0.0006028021
135	0.0006249531
135.625	0.0006303944
136.25	0.0006491672
136.875	0.0006636539
137.5	0.0006831712
138.125	0.0007082128
138.75	0.0007235124
139.375	0.0007341288
140	0.0007458474
140.625	0.0007654599
141.25	0.0007812105
141.875	0.0007981682
142.5	0.0008105301
143.125	0.000832688
143.75	0.0008511789
144.375	0.0008819483
145	0.000894139
145.625	0.0009087942
146.25	0.0009260472
146.875	0.0009357808
147.5	0.0009522878
148.125	0.0009549125
148.75	0.0009602265
149.375	0.0009658319
150	0.0009596733
150.625	0.0009525424
151.25	0.0009285116
151.875	0.0009060832
152.5	0.000885914
153.125	0.0008406761
153.75	0.0008063598
154.375	0.000754394
155	0.0007126993
155.625	0.0006715706
156.25	0.0006328306
156.875	0.0005925332
157.5	0.0005531916
158.125	0.000529492
158.75	0.0005040986
159.375	0.0004777659
160	0.0004603573
160.625	0.0004385666
161.25	0.000422089
161.875	0.0004063925
162.5	0.0003850416
163.125	0.0003714015
163.75	0.0003496627
164.375	0.0003496918
165	0.0003256493
165.625	0.0003136092
166.25	0.000295777
166.875	0.0002775355
167.5	0.0002554273
168.125	0.0002254068
168.75	0.000192578
169.375	0.0001613906
170	0.000138909
170.625	0.0001177966
171.25	0.0001088165
171.875	9.891867e-5
172.5	0.0001037844
173.125	0.0001229639
173.75	0.0001369688
174.375	0.0001496342
175	0.000158273
175.625	0.0001726617
176.25	0.0001856243
176.875	0.0002028007
177.5	0.0002060559
178.125	0.0002117988
178.75	0.0002189045
179.375	0.0002303144
180	0.0002307934
180.625	0.0002284946
181.25	0.0002293644
181.875	0.0002322713
182.5	0.000231206
183.125	0.0002348156
183.75	0.0002311955
184.375	0.0002346433
185	0.0002452806
185.625	0.0002478799
186.25	0.0002523787
186.875	0.0002452882
187.5	0.0002523039
188.125	0.0002488195
188.75	0.000259115
189.375	0.0002592778
190	0.0002575601
190.625	0.0002677963
191.25	0.0002674262
191.875	0.0002753771
192.5	0.0002727621
193.125	0.0002706863
193.75	0.0002666975
194.375	0.0002760349
195	0.0002757937
195.625	0.0002768592
196.25	0.0002741033
196.875	0.0002726218
197.5	0.0002768055
198.125	0.0002729341
198.75	0.000269126
199.375	0.0002602495
200	0.0002599029
200.625	0.000257515
201.25	0.0002629496
201.875	0.0002612275
202.5	0.0002560188
203.125	0.0002603232
203.75	0.0002614211
204.375	0.0002558705
205	0.0002498874
205.625	0.0002423853
206.25	0.0002434217
206.875	0.0002397403
207.5	0.0002388405
208.125	0.0002413005
208.75	0.0002302237
209.375	0.0002462725
210	0.0002474778
210.625	0.0002447014
211.25	0.0002446855
211.875	0.0002438396
212.5	0.0002467514
213.125	0.0002486541
213.75	0.0002524581
214.375	0.0002489719
215	0.0002565687
215.625	0.0002655085
216.25	0.0002805327
216.875	0.0002773748
217.5	0.000284379
218.125	0.0002830627
218.75	0.0002869098
219.375	0.0003022476
220	0.0002976565
220.625	0.000315533
221.25	0.0003105954
221.875	0.0003246892
222.5	0.0003406125
223.125	0.0003387289
223.75	0.0003431893
224.375	0.0003484638
225	0.0003550087
225.625	0.0003711228
226.25	0.0003816706
226.875	0.0003847351
227.5	0.0003925656
228.125	0.0003973015
228.75	0.000411713
229.375	0.0004072629
230	0.0004112287
230.625	0.0004218848
231.25	0.0004273739
231.875	0.0004395608
232.5	0.0004440628
233.125	0.0004450248
233.75	0.0004563328
234.375	0.0004626096
235	0.0004659936
235.625	0.0004628127
236.25	0.0004590572
236.875	0.0004692007
237.5	0.0004633164
238.125	0.0004760502
238.75	0.0004651835
239.375	0.0004633488
240	0.0004719493
240.625	0.0004702891
241.25	0.0004713334
241.875	0.0004599232
242.5	0.0004549513
243.125	0.000453535
243.75	0.0004550989
244.375	0.0004453888
245	0.000442354
245.625	0.0004378074
246.25	0.0004453917
246.875	0.0004508259
247.5	0.0004478476
248.125	0.0004382891
248.75	0.0004328284
249.375	0.0004373858
250	0.0004289986
250.625	0.0004297749
251.25	0.0004233276
251.875	0.0004237694
252.5	0.0004266751
253.125	0.0004259406
253.75	0.0004217559
254.375	0.0004128537
255	0.0004084643
255.625	0.000410014
256.25	0.000402901
256.875	0.0004034773
257.5	0.0004025501
258.125	0.00039621
258.75	0.0004045414
259.375	0.0003965529
260	0.0003890338
260.625	0.0003783247
261.25	0.0003776817
261.875	0.0003743233
262.5	0.0003768116
263.125	0.0003751604
263.75	0.0003678057
264.375	0.0003730702
265	0.0003761007
265.625	0.0003755442
266.25	0.00036239
266.875	0.0003599346
267.5	0.0003551724
268.125	0.0003634224
268.75	0.0003571133
269.375	0.0003485686
270	0.0003488696
270.625	0.0003484319
271.25	0.0003603947
271.875	0.0003565575
272.5	0.0003492925
273.125	0.0003414564
273.75	0.0003447677
274.375	0.0003403461
275	0.0003366449
275.625	0.0003340761
276.25	0.0003335153
276.875	0.0003423507
277.5	0.000347614
278.125	0.0003457392
278.75	0.0003392148
279.375	0.0003362508
280	0.0003396134
280.625	0.0003376333
281.25	0.0003323004
281.875	0.0003365663
282.5	0.0003334156
283.125	0.0003432926
283.75	0.0003459246
284.375	0.0003387647
285	0.0003335118
285.625	0.0003348315
286.25	0.0003351922
286.875	0.0003341
287.5	0.0003346529
288.125	0.0003297073
288.75	0.0003373155
289.375	0.000337886
290	0.0003402858
290.625	0.0003261188
291.25	0.0003239666
291.875	0.0003201628
292.5	0.0003211311
293.125	0.0003280512
293.75	0.0003119734
294.375	0.0003164245
295	0.0003122062
295.625	0.0003149596
296.25	0.0003164644
296.875	0.0003039103
297.5	0.000295598
298.125	0.0002923372
298.75	0.0002888467
299.375	0.0002869744
300	0.000279764
300.625	0.0002748213
301.25	0.0002775732
301.875	0.0002750692
302.5	0.0002740957
303.125	0.000256792
303.75	0.0002474275
304.375	0.0002452168
305	0.0002381573
305.625	0.0002303447
306.25	0.0002233035
306.875	0.0002163876
307.5	0.0002207786
308.125	0.000219353
308.75	0.0002141621
309.375	0.0002010603
310	0.000194007
310.625	0.0001973296
311.25	0.0001799063
311.875	0.000182396
312.5	0.0001750089
313.125	0.0001744972
313.75	0.0001837389
314.375	0.0001753333
315	0.0001689223
315.625	0.0001563859
316.25	0.0001499832
316.875	0.0001472847
317.5	0.000148418
318.125	0.0001408521
318.75	0.0001429193
319.375	0.0001379524
320	0.0001405449
320.625	0.0001372912
321.25	0.0001288264
321.875	0.0001188135
322.5	0.0001096437
323.125	0.0001211862
323.75	0.0001146914
324.375	0.0001143087
325	0.0001101838
325.625	0.0001017454
326.25	0.0001069902
326.875	0.0001058923
327.5	9.351147e-5
328.125	8.355059e-5
328.75	7.941503e-5
329.375	8.053965e-5
330	8.568366e-5
330.625	7.968788e-5
331.25	8.136605e-5
331.875	7.63486e-5
332.5	8.011142e-5
333.125	7.767258e-5
333.75	6.5687e-5
334.375	5.70772e-5
335	4.87684e-5
335.625	5.227856e-5
336.25	5.650186e-5
336.875	5.900224e-5
337.5	5.576741e-5
338.125	5.199555e-5
338.75	4.729821e-5
339.375	4.771545e-5
340	3.974361e-5
340.625	3.418395e-5
341.25	3.792563e-5
341.875	3.828622e-5
342.5	5.069039e-5
343.125	5.339133e-5
343.75	4.81223e-5
344.375	4.25868e-5
345	4.122996e-5
345.625	5.027093e-5
346.25	5.879484e-5
346.875	6.644188e-5
347.5	6.595741e-5
348.125	7.253988e-5
348.75	7.721543e-5
349.375	8.436533e-5
350	8.526722e-5
350.625	8.6608e-5
351.25	9.123735e-5
351.875	0.0001002577
352.5	0.0001154271
353.125	0.0001194889
353.75	0.0001239244
354.375	0.000123963
355	0.0001306765
355.625	0.0001342194
356.25	0.0001389324
356.875	0.0001382643
357.5	0.0001418126
358.125	0.0001530804
358.75	0.000167339
359.375	0.0001705504
360	0.0001720732
360.625	0.0001800952
361.25	0.0001811554
361.875	0.0001908053
362.5	0.0001838317
363.125	0.0001848709
363.75	0.0001875786
364.375	0.0002024345
365	0.0002085064
365.625	0.0002122159
366.25	0.000216042
366.875	0.0002152819
367.5	0.000226792
368.125	0.0002203575
368.75	0.0002181762
369.375	0.0002169878
370	0.0002242624
370.625	0.0002322308
371.25	0.0002460858
371.875	0.0002444804
372.5	0.0002427196
373.125	0.0002478947
373.75	0.0002426044
374.375	0.0002482161
375	0.0002425693
375.625	0.0002446782
376.25	0.0002469965
376.875	0.0002602939
377.5	0.0002655146
378.125	0.0002606064
378.75	0.0002575466
379.375	0.0002556243
380	0.0002580665
380.625	0.0002634239
381.25	0.0002622639
381.875	0.0002607512
382.5	0.000267904
383.125	0.0002729347
383.75	0.000280322
384.375	0.0002701388
385	0.000272076
385.625	0.0002691408
386.25	0.0002687238
386.875	0.0002721006
387.5	0.0002665007
388.125	0.0002684674
388.75	0.000274237
389.375	0.0002804219
390	0.0002803567
390.625	0.0002811121
391.25	0.0002721186
391.875	0.0002784531
392.5	0.0002726731
393.125	0.0002718745
393.75	0.0002720671
394.375	0.0002725044
395	0.0002849296
395.625	0.0002866749
396.25	0.0002943591
396.875	0.0002815076
397.5	0.0002838972
398.125	0.000282536
398.75	0.0002766688
399.375	0.0002780988
400	0.0002759026
400.625	0.0002755675
401.25	0.0002893658
401.875	0.0002947677
402.5	0.0002918609
403.125	0.0002932224
403.75	0.0002831797
404.375	0.0002888774
405	0.0002858085
405.625	0.0002869611
406.25	0.000285057
406.875	0.0002843412
407.5	0.0002943357
408.125	0.0002942837
408.75	0.0002935963
409.375	0.0002862427
410	0.0002793226
410.625	0.000280482
411.25	0.0002870126
411.875	0.0002837424
412.5	0.0002862483
413.125	0.0002787035
413.75	0.0002869357
414.375	0.0002844248
415	0.0002787262
415.625	0.0002778888
416.25	0.0002664819
416.875	0.0002747747
417.5	0.000271894
418.125	0.0002696776
418.75	0.0002682523
419.375	0.0002665051
420	0.0002694494
420.625	0.0002705404
421.25	0.0002553497
421.875	0.0002530093
422.5	0.0002503224
423.125	0.000243965
423.75	0.0002501774
424.375	0.0002419809
425	0.0002444081
425.625	0.000244457
426.25	0.0002530614
426.875	0.0002466746
427.5	0.0002363914
428.125	0.0002325699
428.75	0.0002226459
429.375	0.0002212543
430	0.0002224804
430.625	0.0002172836
431.25	0.0002162725
431.875	0.0002243294
432.5	0.0002202058
433.125	0.0002224277
433.75	0.0002079551
434.375	0.0002018005
435	0.0001994831
435.625	0.0001978493
436.25	0.0002052245
436.875	0.0002001162
437.5	0.0001987273
438.125	0.0001979662
438.75	0.0001994334
439.375	0.0001941675
440	0.0001894587
440.625	0.0001810386
441.25	0.0001825243
441.875	0.0001829147
442.5	0.0001865274
443.125	0.0001834371
443.75	0.0001767266
444.375	0.0001791421
445	0.0001785696
445.625	0.0001766972
446.25	0.0001666982
446.875	0.000169432
447.5	0.0001674981
448.125	0.0001721734
448.75	0.0001744887
449.375	0.0001699654
450	0.0001686759
450.625	0.0001731672
451.25	0.0001716576
451.875	0.0001602513
452.5	0.000160121
453.125	0.0001526433
453.75	0.0001557714
454.375	0.0001559438
455	0.0001566147
455.625	0.0001532539
456.25	0.0001604191
456.875	0.0001615059
457.5	0.0001571893
458.125	0.0001544099
458.75	0.0001426256
459.375	0.0001419667
460	0.0001405324
460.625	0.0001432004
461.25	0.0001441026
461.875	0.0001417944
462.5	0.0001423347
463.125	0.0001462166
463.75	0.0001425556
464.375	0.0001363909
465	0.0001263624
465.625	0.0001218769
466.25	0.0001250583
466.875	0.0001257345
467.5	0.0001285865
468.125	0.0001207877
468.75	0.0001236731
469.375	0.0001221013
470	0.0001223921
470.625	0.0001143655
471.25	0.0001117926
471.875	0.0001133704
472.5	0.0001120316
473.125	0.000115144
473.75	0.0001124155
474.375	0.0001076284
475	0.0001096977
475.625	0.0001121145
476.25	9.934321e-5
476.875	0.0001003263
477.5	9.613414e-5
478.125	9.758436e-5
478.75	0.000104305
479.375	0.0001025946
480	0.000101826
480.625	0.0001000242
481.25	0.0001076697
481.875	0.0001070831
482.5	0.0001017774
483.125	9.7624e-5
483.75	9.323508e-5
484.375	9.505024e-5
485	0.0001005573
485.625	9.611302e-5
486.25	0.0001005386
486.875	0.000101362
487.5	0.0001090468
488.125	0.0001125395
488.75	9.953889e-5
489.375	9.941433e-5
490	9.351494e-5
490.625	9.771943e-5
491.25	0.0001024149
491.875	0.0001030219
492.5	0.0001063209
493.125	0.0001090218
493.75	0.0001109035
494.375	0.0001153463
495	0.0001066014
495.625	0.0001044968
496.25	0.0001081315
496.875	9.940811e-5
497.5	0.0001065065
498.125	0.0001061157
498.75	0.0001077584
499.375	0.0001096359
500	0.0001130461
500.625	0.0001123226
501.25	0.0001034986
501.875	0.0001065593
502.5	0.0001066195
503.125	0.0001078372
503.75	0.000114577
504.375	0.0001093989
505	0.0001083483
505.625	0.0001138359
506.25	0.0001097973
506.875	0.0001118873
507.5	0.0001034755
508.125	0.0001028222
508.75	0.0001078712
509.375	0.0001064975
510	0.0001073718
510.625	0.0001022016
511.25	0.0001041342
511.875	0.0001087969
512.5	0.0001099053
513.125	0.0001064006
513.75	0.0001010995
514.375	9.73266e-5
515	0.0001018766
515.625	9.986822e-5
516.25	0.0001026359
516.875	0.000102993
517.5	0.0001040081
518.125	0.0001095387
518.75	0.0001053626
519.375	0.000104712
520	9.47357e-5
520.625	9.307818e-5
521.25	9.439117e-5
521.875	9.145244e-5
522.5	9.849517e-5
523.125	0.0001001469
523.75	9.832149e-5
524.375	0.0001070314
525	0.0001042837
525.625	9.642054e-5
526.25	9.949702e-5
526.875	9.388114e-5
527.5	9.651907e-5
528.125	9.815606e-5
528.75	9.835586e-5
529.375	9.699057e-5
530	9.848178e-5
530.625	0.0001029373
531.25	9.732321e-5
531.875	9.504505e-5
532.5	9.466011e-5
533.125	9.62292e-5
533.75	0.0001012058
534.375	0.0001006195
535	9.615841e-5
535.625	9.666074e-5
536.25	9.380416e-5
536.875	9.979162e-5
537.5	0.0001000732
538.125	9.135126e-5
538.75	9.181844e-5
539.375	9.238956e-5
540	9.565262e-5
540.625	9.50275e-5
541.25	9.207417e-5
541.875	9.075737e-5
542.5	9.188757e-5
543.125	9.135305e-5
543.75	9.102115e-5
544.375	7.982758e-5
545	7.696064e-5
545.625	8.084983e-5
546.25	7.745544e-5
546.875	7.982621e-5
547.5	7.953001e-5
548.125	8.038022e-5
548.75	8.019717e-5
549.375	8.216155e-5
550	7.142504e-5
550.625	6.69984e-5
551.25	6.401722e-5
551.875	5.916326e-5
552.5	5.848648e-5
553.125	5.759083e-5
553.75	5.897448e-5
554.375	6.089532e-5
555	6.209717e-5
555.625	5.804495e-5
556.25	5.12859e-5
556.875	4.719259e-5
557.5	4.335475e-5
558.125	4.459337e-5
558.75	4.715524e-5
559.375	4.248874e-5
560	4.282627e-5
560.625	4.252606e-5
561.25	4.229558e-5
561.875	4.476558e-5
562.5	3.646622e-5
563.125	3.374701e-5
563.75	3.406787e-5
564.375	3.767945e-5
565	3.81705e-5
565.625	3.395865e-5
566.25	2.903425e-5
566.875	3.541681e-5
567.5	3.659882e-5
568.125	3.93377e-5
568.75	3.572708e-5
569.375	3.018529e-5
570	3.896718e-5
570.625	3.639535e-5
571.25	3.963384e-5
571.875	3.863205e-5
572.5	3.691844e-5
573.125	4.180216e-5
573.75	4.372524e-5
574.375	4.321556e-5
575	3.468377e-5
575.625	3.701414e-5
576.25	3.655424e-5
576.875	3.642854e-5
577.5	4.112388e-5
578.125	4.253947e-5
578.75	4.456978e-5
579.375	5.375802e-5
580	5.135046e-5
580.625	4.820626e-5
581.25	4.401505e-5
581.875	4.311987e-5
582.5	4.608184e-5
583.125	4.50353e-5
583.75	4.466404e-5
584.375	4.626921e-5
585	5.146239e-5
585.625	5.613948e-5
586.25	5.502398e-5
586.875	5.027048e-5
587.5	4.773654e-5
588.125	4.604923e-5
588.75	5.10883e-5
589.375	4.652971e-5
590	4.676381e-5
590.625	4.815581e-5
591.25	4.829206e-5
591.875	5.459863e-5
592.5	4.988893e-5
593.125	5.520072e-5
593.75	4.891753e-5
594.375	4.795704e-5
595	5.443701e-5
595.625	4.522364e-5
596.25	4.77847e-5
596.875	4.973484e-5
597.5	4.290386e-5
598.125	4.757988e-5
598.75	4.507475e-5
599.375	4.021913e-5
600	4.330185e-5
600.625	3.972883e-5
601.25	4.38082e-5
601.875	3.868369e-5
602.5	3.555105e-5
603.125	3.817613e-5
603.75	3.851255e-5
604.375	4.304788e-5
605	3.808103e-5
605.625	3.264332e-5
606.25	3.4073e-5
606.875	3.101553e-5
607.5	2.962923e-5
608.125	2.613126e-5
608.75	2.05108e-5
609.375	3.232707e-5
610	3.30873e-5
610.625	3.502617e-5
611.25	3.019787e-5
611.875	2.065081e-5
612.5	2.271038e-5
613.125	2.007846e-5
613.75	2.231588e-5
614.375	2.602767e-5
615	2.555611e-5
615.625	2.903678e-5
616.25	3.324113e-5
616.875	3.023817e-5
617.5	2.988265e-5
618.125	2.274175e-5
618.75	1.955593e-5
619.375	2.528334e-5
620	2.106636e-5
620.625	2.680865e-5
621.25	2.341786e-5
621.875	2.412648e-5
622.5	2.630694e-5
623.125	3.060122e-5
623.75	2.789223e-5
624.375	2.160484e-5
625	2.466762e-5
625.625	2.093527e-5
626.25	2.161315e-5
626.875	2.129587e-5
627.5	1.91135e-5
628.125	1.512876e-5
628.75	2.043456e-5
629.375	1.732689e-5
630	1.275056e-5
630.625	1.052236e-5
631.25	7.008673e-6
631.875	7.788435e-6
632.5	5.978119e-6
633.125	7.775388e-6
633.75	6.095875e-6
634.375	4.557379e-6
635	2.614476e-6
635.625	2.274421e-6
636.25	1.015333e-5
636.875	1.623713e-5
637.5	1.519627e-5
638.125	1.462197e-5
638.75	2.22684e-5
639.375	2.332375e-5
640	2.348936e-5
640.625	1.911209e-5
641.25	1.975069e-5
641.875	2.797156e-5
642.5	3.246153e-5
643.125	4.459908e-5
643.75	3.90621e-5
644.375	4.20202e-5
645	4.677133e-5
645.625	4.433584e-5
646.25	4.004311e-5
646.875	4.087168e-5
647.5	4.077622e-5
648.125	4.138708e-5
648.75	5.23966e-5
649.375	5.045784e-5
650	5.510982e-5
650.625	5.491275e-5
651.25	5.535072e-5
651.875	5.447177e-5
652.5	5.39564e-5
653.125	5.392167e-5
653.75	5.271167e-5
654.375	5.787163e-5
655	5.673897e-5
655.625	6.172118e-5
656.25	6.057526e-5
656.875	6.175261e-5
657.5	6.464976e-5
658.125	6.580693e-5
658.75	6.271896e-5
659.375	6.121425e-5
660	6.047511e-5
660.625	6.306869e-5
661.25	7.076031e-5
661.875	7.238381e-5
662.5	7.272411e-5
663.125	7.762238e-5
663.75	8.035072e-5
664.375	7.83017e-5
665	8.279944e-5
665.625	7.951594e-5
666.25	8.539395e-5
666.875	9.358237e-5
667.5	9.808649e-5
668.125	0.0001005705
668.75	9.599e-5
669.375	9.98547e-5
670	0.00010032
670.625	0.0001025571
671.25	0.0001061704
671.875	0.000110828
672.5	0.0001121239
673.125	0.0001281375
673.75	0.0001305286
674.375	0.0001305549
675	0.0001326498
675.625	0.0001247674
676.25	0.000131071
676.875	0.0001294135
677.5	0.0001379614
678.125	0.0001372228
678.75	0.0001421216
679.375	0.0001485165
680	0.0001488987
680.625	0.0001544325
681.25	0.000152995
681.875	0.0001501043
682.5	0.000152361
683.125	0.0001535797
683.75	0.0001507335
684.375	0.0001588093
685	0.0001530935
685.625	0.0001645296
686.25	0.000170029
686.875	0.0001635879
687.5	0.0001689453
688.125	0.0001631743
688.75	0.0001637637
689.375	0.0001654389
690	0.000160853
690.625	0.0001601662
691.25	0.0001647784
691.875	0.0001676815
692.5	0.0001700169
693.125	0.0001636073
693.75	0.0001686243
694.375	0.0001665133
695	0.0001649343
695.625	0.0001682617
696.25	0.000162184
696.875	0.0001676276
697.5	0.0001719832
698.125	0.0001754584
698.75	0.0001727186
699.375	0.0001694758
700	0.0001651297
700.625	0.0001647732
701.25	0.0001631336
701.875	0.0001742024
702.5	0.0001732742
703.125	0.0001742675
703.75	0.0001835513
704.375	0.0001787846
705	0.0001847108
705.625	0.0001761278
706.25	0.0001738448
706.875	0.0001748557
707.5	0.0001819677
708.125	0.0001884388
708.75	0.0001910429
709.375	0.0001919551
710	0.000193271
710.625	0.0002006425
711.25	0.0001938788
711.875	0.000195287
712.5	0.0001915808
713.125	0.0001946548
713.75	0.0001943501
714.375	0.000201562
715	0.0002016989
715.625	0.0002021188
716.25	0.0002123154
716.875	0.0002067507
717.5	0.0002095688
718.125	0.000207931
718.75	0.0002048909
719.375	0.0002025568
720	0.0002037855
720.625	0.0002027709
721.25	0.0002036881
721.875	0.0002081631
722.5	0.000208637
723.125	0.000207087
723.75	0.0002037483
724.375	0.0001993039
725	0.0001955662
725.625	0.0001965885
726.25	0.0001963207
726.875	0.0001992728
727.5	0.000197632
728.125	0.0001993079
728.75	0.0001962447
729.375	0.0001929344
730	0.0001871847
730.625	0.0001834053
731.25	0.0001794761
731.875	0.0001823348
732.5	0.0001884908
733.125	0.0001849011
733.75	0.000188078
734.375	0.0001771025
735	0.0001809254
735.625	0.0001747753
736.25	0.0001714536
736.875	0.0001685407
737.5	0.0001648156
738.125	0.0001718964
738.75	0.0001760539
739.375	0.0001800546
740	0.0001713213
740.625	0.0001762058
741.25	0.0001698043
741.875	0.0001665222
742.5	0.0001646533
743.125	0.0001593521
743.75	0.000159168
744.375	0.0001621057
745	0.0001672969
745.625	0.0001607116
746.25	0.0001682929
746.875	0.0001636561
747.5	0.0001616876
748.125	0.0001589116
748.75	0.0001551064
749.375	0.0001527376
750	0.0001510234
750.625	0.0001517115
751.25	0.0001509214
751.875	0.0001547959
752.5	0.0001520458
753.125	0.0001513823
753.75	0.0001460899
754.375	0.0001405606
755	0.0001361426
755.625	0.0001342259
756.25	0.000129542
756.875	0.000137078
757.5	0.0001350317
758.125	0.0001334839
758.75	0.0001302819
759.375	0.0001242942
760	0.0001237634
760.625	0.0001151396
761.25	0.0001147168
761.875	0.0001097866
762.5	0.0001128416
763.125	0.0001149164
763.75	0.0001165716
764.375	0.0001051247
765	0.000101189
765.625	9.585427e-5
766.25	8.902254e-5
766.875	9.226656e-5
767.5	8.548111e-5
768.125	9.025553e-5
768.75	8.544842e-5
769.375	9.364209e-5
770	8.607266e-5
770.625	8.139815e-5
771.25	7.962155e-5
771.875	6.962613e-5
772.5	7.177633e-5
773.125	6.828931e-5
773.75	6.50153e-5
774.375	6.32118e-5
775	6.678199e-5
775.625	6.075417e-5
776.25	6.794889e-5
776.875	5.9858e-5
777.5	5.70195e-5
778.125	5.390889e-5
778.75	4.470966e-5
779.375	4.750455e-5
780	4.529384e-5
780.625	4.889942e-5
781.25	4.671517e-5
781.875	4.867764e-5
782.5	4.694975e-5
783.125	4.303733e-5
783.75	3.957565e-5
784.375	3.520613e-5
785	2.831339e-5
785.625	3.007858e-5
786.25	2.88881e-5
786.875	2.644099e-5
787.5	3.143425e-5
788.125	2.465468e-5
788.75	2.623164e-5
789.375	1.662793e-5
790	1.407205e-5
790.625	1.205716e-5
791.25	1.151421e-5
791.875	9.855494e-6
792.5	9.583509e-6
793.125	7.290736e-6
793.75	1.233297e-5
794.375	8.661546e-6
795	1.212599e-5
795.625	1.257207e-5
796.25	2.335037e-5
796.875	1.519167e-5
797.5	1.999458e-5
798.125	1.767581e-5
798.75	2.035473e-5
799.375	2.014954e-5
800	2.237458e-5
800.625	3.160031e-5
801.25	3.218776e-5
801.875	4.291879e-5
802.5	4.346104e-5
803.125	4.910651e-5
803.75	4.574832e-5
804.375	4.903007e-5
805	4.530723e-5
805.625	5.101982e-5
806.25	5.114324e-5
806.875	5.083164e-5
807.5	6.302754e-5
808.125	5.803149e-5
808.75	7.187208e-5
809.375	7.210108e-5
810	7.184638e-5
810.625	7.164613e-5
811.25	7.12401e-5
811.875	6.694444e-5
812.5	6.722107e-5
813.125	6.920873e-5
813.75	7.195673e-5
814.375	7.494899e-5
815	7.93888e-5
815.625	8.155301e-5
816.25	7.912429e-5
816.875	8.150811e-5
817.5	7.73327e-5
818.125	7.722629e-5
818.75	7.695013e-5
819.375	8.356734e-5
820	8.559675e-5
820.625	8.946529e-5
821.25	8.669116e-5
821.875	8.4263e-5
822.5	8.246867e-5
823.125	8.10472e-5
823.75	8.603412e-5
824.375	8.02514e-5
825	9.162063e-5
825.625	8.990307e-5
826.25	9.830442e-5
826.875	9.636995e-5
827.5	9.373201e-5
828.125	9.369213e-5
828.75	9.171123e-5
829.375	9.591821e-5
830	9.387414e-5
830.625	0.0001046009
831.25	9.972254e-5
831.875	0.0001111017
832.5	0.0001073087
833.125	0.0001102845
833.75	0.0001133725
834.375	0.0001075399
835	0.0001085885
835.625	0.0001052028
836.25	0.0001108584
836.875	0.0001100406
837.5	0.0001207326
838.125	0.0001177205
838.75	0.0001235645
839.375	0.000126744
840	0.0001257362
840.625	0.0001232929
841.25	0.0001221438
841.875	0.0001232073
842.5	0.0001179998
843.125	0.0001267386
843.75	0.000125182
844.375	0.0001295472
845	0.000131347
845.625	0.0001300357
846.25	0.000127667
846.875	0.0001286829
847.5	0.0001268884
848.125	0.0001272069
848.75	0.0001250184
849.375	0.000128485
850	0.0001357639
850.625	0.0001338227
851.25	0.0001358024
851.875	0.0001283295
852.5	0.0001267709
853.125	0.00012368
853.75	0.000128084
854.375	0.0001266825
855	0.0001293158
855.625	0.0001289295
856.25	0.0001298324
856.875	0.0001285178
857.5	0.0001219163
858.125	0.0001249955
858.75	0.0001160993
859.375	0.0001205834
860	0.0001196002
860.625	0.0001263209
861.25	0.0001242131
861.875	0.0001267273
862.5	0.0001272613
863.125	0.0001187746
863.75	0.0001229096
864.375	0.0001147048
865	0.0001143625
865.625	0.0001104429
866.25	0.0001152711
866.875	0.0001106909
867.5	0.000117633
868.125	0.000117177
868.75	0.0001162246
869.375	0.0001217983
870	0.0001151462
870.625	0.0001168228
871.25	0.0001083238
871.875	0.0001114815
872.5	0.0001064177
873.125	0.0001114084
873.75	0.0001137336
874.375	0.0001146665
875	0.0001205315
875.625	0.0001121045
876.25	0.0001103448
876.875	0.0001046544
877.5	0.0001047068
878.125	0.0001065546
878.75	0.0001091794
879.375	0.0001043163
880	0.0001084456
880.625	0.0001087139
881.25	0.0001059017
881.875	0.0001059949
882.5	9.973016e-5
883.125	0.0001000543
883.75	0.0001000897
884.375	0.0001016943
885	0.0001020697
885.625	9.994088e-5
886.25	9.907757e-5
886.875	9.521851e-5
887.5	8.885353e-5
888.125	9.301438e-5
888.75	8.718689e-5
889.375	8.831795e-5
890	9.017365e-5
890.625	9.196984e-5
891.25	9.725025e-5
891.875	9.363963e-5
892.5	9.296022e-5
893.125	8.55832e-5
893.75	8.734787e-5
894.375	8.774098e-5
895	8.648542e-5
895.625	8.221571e-5
896.25	8.871225e-5
896.875	8.901438e-5
897.5	9.041902e-5
898.125	9.689299e-5
898.75	8.630373e-5
899.375	9.473086e-5
900	8.667211e-5
900.625	8.804417e-5
901.25	8.751336e-5
901.875	8.697806e-5
902.5	9.252809e-5
903.125	9.174027e-5
903.75	9.774036e-5
904.375	9.49958e-5
905	9.802158e-5
905.625	8.860909e-5
906.25	9.018585e-5
906.875	8.57256e-5
907.5	8.580715e-5
908.125	8.856317e-5
908.75	8.98861e-5
909.375	9.313942e-5
910	8.748544e-5
910.625	9.477967e-5
911.25	8.299924e-5
911.875	8.500775e-5
912.5	8.816817e-5
913.125	8.428804e-5
913.75	8.767528e-5
914.375	8.847175e-5
915	8.774401e-5
915.625	8.569229e-5
916.25	8.731526e-5
916.875	7.974268e-5
917.5	8.033214e-5
918.125	8.061206e-5
918.75	8.621919e-5
919.375	8.93851e-5
920	8.860294e-5
920.625	8.93602e-5
921.25	8.819641e-5
921.875	9.157608e-5
922.5	9.130561e-5
923.125	8.969765e-5
923.75	8.919364e-5
924.375	9.185351e-5
925	9.669261e-5
925.625	9.735258e-5
926.25	9.875168e-5
926.875	0.0001017774
927.5	0.0001013543
928.125	0.0001045927
928.75	0.0001043788
929.375	0.0001019434
930	9.955875e-5
930.625	0.0001005451
931.25	0.0001050852
931.875	0.0001099283
932.5	0.0001175437
933.125	0.0001153315
933.75	0.0001157939
934.375	0.0001133616
935	0.0001178407
935.625	0.0001133405
936.25	0.0001090592
936.875	0.0001116935
937.5	0.0001110527
938.125	0.0001194674
938.75	0.0001192206
939.375	0.0001195327
940	0.000114263
940.625	0.0001206537
941.25	0.0001163189
941.875	0.0001152513
942.5	0.0001183088
943.125	0.0001167561
943.75	0.0001219312
944.375	0.0001204785
945	0.0001227268
945.625	0.0001140813
946.25	0.0001190972
946.875	0.000114666
947.5	0.0001147195
948.125	0.0001186806
948.75	0.0001157035
949.375	0.0001219748
950	0.0001182383
950.625	0.0001192506
951.25	0.0001175986
951.875	0.0001166894
952.5	0.0001133932
953.125	0.0001177388
953.75	0.0001161036
954.375	0.0001145335
955	0.0001207556
955.625	0.0001176411
956.25	0.0001214064
956.875	0.0001209268
957.5	0.0001191393
958.125	0.0001148748
958.75	0.0001138821
959.375	0.0001168822
960	0.0001137315
960.625	0.0001144084
961.25	0.0001161649
961.875	0.0001159267
962.5	0.0001246687
963.125	0.0001264894
963.75	0.0001239058
964.375	0.0001186219
965	0.0001153855
965.625	0.0001173019
966.25	0.0001160942
966.875	0.0001165022
967.5	0.0001179821
968.125	0.0001203963
968.75	0.0001218234
969.375	0.0001271541
970	0.0001147786
970.625	0.0001156008
971.25	0.0001145506
971.875	0.0001109195
972.5	0.0001210372
973.125	0.0001126975
973.75	0.0001199117
974.375	0.0001161921
975	0.0001152693
975.625	0.00011515
976.25	0.0001114966
976.875	0.0001109489
977.5	0.000107964
978.125	0.0001103984
978.75	0.0001064143
979.375	0.0001109023
980	0.0001056078
980.625	0.0001056397
981.25	0.0001016537
981.875	0.0001043258
982.5	0.0001000783
983.125	9.489583e-5
983.75	0.0001024503
984.375	9.439964e-5
985	0.0001019974
985.625	0.0001005839
986.25	9.502321e-5
986.875	0.0001001287
987.5	9.801951e-5
988.125	9.502625e-5
988.75	8.938669e-5
989.375	8.561397e-5
990	8.837215e-5
990.625	9.045687e-5
991.25	8.900437e-5
991.875	9.081711e-5
992.5	9.027603e-5
993.125	9.355679e-5
993.75	9.577127e-5
994.375	8.892856e-5
995	8.389142e-5
995.625	8.115119e-5
996.25	7.974418e-5
996.875	8.559491e-5
997.5	8.344688e-5
998.125	8.731185e-5
998.75	8.522037e-5
999.375	8.493828e-5
1000	8.598294e-5
