Source File Name:	Analyzer
Signal:	FFT - Vib Velocity - Magnitude

Frequency	Magnitude
[ Hz ]	[ m/s ]
20	0.0008528923
20.625	0.0007256052
21.25	0.0006270046
21.875	0.0005412666
22.5	0.0004680816
23.125	0.0004213314
23.75	0.0003978011
24.375	0.0003577096
25	0.0003202006
25.625	0.000295491
26.25	0.0002698806
26.875	0.0002650522
27.5	0.0002783918
28.125	0.0003115587
28.75	0.0003508253
29.375	0.0003966826
30	0.0004430992
30.625	0.0004808298
31.25	0.0005026999
31.875	0.0005075624
32.5	0.0005025105
33.125	0.0004855381
33.75	0.0004680453
34.375	0.000458097
35	0.0004493217
35.625	0.0004384613
36.25	0.0004252602
36.875	0.0004170541
37.5	0.0004181469
38.125	0.0004107122
38.75	0.0004000607
39.375	0.0003893942
40	0.0003884902
40.625	0.0003860973
41.25	0.0003797071
41.875	0.0003736541
42.5	0.0003698647
43.125	0.0003678529
43.75	0.0003670623
44.375	0.000363267
45	0.0003607208
45.625	0.0003571547
46.25	0.0003473819
46.875	0.0003375133
47.5	0.000331475
48.125	0.0003309477
48.75	0.0003274611
49.375	0.0003157177
50	0.0003045548
50.625	0.0002998718
51.25	0.0002967761
51.875	0.0002960951
52.5	0.0002922809
53.125	0.0002817081
53.75	0.0002815067
54.375	0.0002807403
55	0.0002894066
55.625	0.0002886654
56.25	0.0002944142
56.875	0.0002910453
57.5	0.0002974025
58.125	0.000298518
58.75	0.0003021164
59.375	0.0003005421
60	0.0003099414
60.625	0.0003108173
61.25	0.0003186139
61.875	0.0003242328
62.5	0.0003328167
63.125	0.0003370023
63.75	0.0003424898
64.375	0.0003514196
65	0.0003610405
65.625	0.0003676992
66.25	0.0003752205
66.875	0.0003775964
67.5	0.0003866174
68.125	0.0003988821
68.75	0.0004090925
69.375	0.0004130605
70	0.000416097
70.625	0.0004210606
71.25	0.0004343594
71.875	0.0004386202
72.5	0.0004459571
73.125	0.0004498975
73.75	0.0004543569
74.375	0.0004642696
75	0.0004741097
75.625	0.0004802485
76.25	0.0004839891
76.875	0.000492979
77.5	0.0005010397
78.125	0.0005069901
78.75	0.0005110923
79.375	0.0005154376
80	0.0005174737
80.625	0.0005212121
81.25	0.0005239944
81.875	0.0005285374
82.5	0.000532183
83.125	0.0005330126
83.75	0.000530837
84.375	0.0005318208
85	0.0005323887
85.625	0.0005393673
86.25	0.0005353283
86.875	0.0005307951
87.5	0.0005284268
88.125	0.0005282215
88.75	0.0005246722
89.375	0.000521926
90	0.0005162568
90.625	0.0005154383
91.25	0.0005130864
91.875	0.0005107304
92.5	0.0005037261
93.125	0.0004951842
93.75	0.0004919228
94.375	0.0004898349
95	0.0004837257
95.625	0.0004850118
96.25	0.0004817526
96.875	0.0004763296
97.5	0.0004691633
98.125	0.0004685061
98.75	0.0004694152
99.375	0.0004616189
100	0.0004536279
100.625	0.0004519271
101.25	0.0004479862
101.875	0.000443854
102.5	0.0004432638
103.125	0.0004382766
103.75	0.0004297924
104.375	0.0004260162
105	0.0004243002
105.625	0.0004244866
106.25	0.0004227426
106.875	0.0004201139
107.5	0.0004147171
108.125	0.0004035171
108.75	0.0004051088
109.375	0.0004050369
110	0.0004000991
110.625	0.0003916601
111.25	0.0003878028
111.875	0.0003837262
112.5	0.0003869459
113.125	0.0003823875
113.75	0.000374909
114.375	0.0003665416
115	0.0003639128
115.625	0.0003618406
116.25	0.0003595375
116.875	0.0003563074
117.5	0.0003566406
118.125	0.000349429
118.75	0.0003467571
119.375	0.0003472588
120	0.0003511825
120.625	0.0003480974
121.25	0.0003468186
121.875	0.000347056
122.5	0.0003459022
123.125	0.0003495853
123.75	0.00035464
124.375	0.0003545466
125	0.0003564639
125.625	0.0003605386
126.25	0.0003727966
126.875	0.0003818445
127.5	0.0003847191
128.125	0.0003921843
128.75	0.0004002241
129.375	0.0004107784
130	0.0004241427
130.625	0.0004340521
131.25	0.0004424052
131.875	0.0004554151
132.5	0.0004701418
133.125	0.0004820728
133.75	0.0004959403
134.375	0.000510228
135	0.0005296248
135.625	0.0005466411
136.25	0.0005674976
136.875	0.0005915553
137.5	0.0006102257
138.125	0.0006284818
138.75	0.0006513913
139.375	0.0006745085
140	0.0007027517
140.625	0.000726159
141.25	0.0007499646
141.875	0.0007698212
142.5	0.0007947367
143.125	0.0008225981
143.75	0.0008455802
144.375	0.0008648881
145	0.0008883523
145.625	0.0009137171
146.25	0.0009371084
146.875	0.0009532215
147.5	0.0009683904
148.125	0.0009766489
148.75	0.0009783228
149.375	0.0009769254
150	0.0009706941
150.625	0.0009578483
151.25	0.0009354852
151.875	0.0009019467
152.5	0.0008582728
153.125	0.000811565
153.75	0.0007641264
154.375	0.0007096094
155	0.0006558246
155.625	0.0006019988
156.25	0.0005517055
156.875	0.0005040588
157.5	0.0004607637
158.125	0.0004242359
158.75	0.0003920473
159.375	0.0003566472
160	0.0003240194
160.625	0.000294172
161.25	0.0002729818
161.875	0.0002530271
162.5	0.0002299152
163.125	0.0002014241
163.75	0.0001790375
164.375	0.0001565759
165	0.0001383021
165.625	0.0001153044
166.25	9.065652e-5
166.875	6.816438e-5
167.5	5.014651e-5
168.125	4.554398e-5
168.75	5.59714e-5
169.375	7.708771e-5
170	0.0001056003
170.625	0.0001407491
171.25	0.0001705032
171.875	0.0001906817
172.5	0.0002093111
173.125	0.0002289054
173.75	0.0002467005
174.375	0.0002639112
175	0.000277634
175.625	0.0002850335
176.25	0.0002914304
176.875	0.0002975268
177.5	0.0003074266
178.125	0.000311472
178.75	0.0003198662
179.375	0.0003249365
180	0.0003263605
180.625	0.000328681
181.25	0.0003383825
181.875	0.0003460489
182.5	0.0003492151
183.125	0.0003502053
183.75	0.0003564373
184.375	0.0003573471
185	0.0003591941
185.625	0.0003630913
186.25	0.0003687455
186.875	0.0003663918
187.5	0.0003690564
188.125	0.0003653474
188.75	0.0003593784
189.375	0.0003556196
190	0.0003528307
190.625	0.000346676
191.25	0.0003385615
191.875	0.0003309597
192.5	0.0003316221
193.125	0.0003198999
193.75	0.0003100261
194.375	0.0003091366
195	0.0003117905
195.625	0.0003122552
196.25	0.0003112439
196.875	0.0003116825
197.5	0.0003171743
198.125	0.0003218441
198.75	0.0003232451
199.375	0.0003275291
200	0.0003271156
200.625	0.0003296723
201.25	0.0003322995
201.875	0.0003370157
202.5	0.0003382201
203.125	0.000335264
203.75	0.0003293291
204.375	0.0003292588
205	0.0003307278
205.625	0.0003300924
206.25	0.0003243656
206.875	0.000320845
207.5	0.0003174794
208.125	0.0003154126
208.75	0.0003114002
209.375	0.000305289
210	0.0002948441
210.625	0.0002843229
211.25	0.0002747847
211.875	0.0002746716
212.5	0.0002709911
213.125	0.0002616255
213.75	0.0002507842
214.375	0.0002394011
215	0.0002386735
215.625	0.0002377711
216.25	0.0002332003
216.875	0.00022694
217.5	0.0002202589
218.125	0.0002177962
218.75	0.0002179065
219.375	0.0002145375
220	0.000214651
220.625	0.0002149128
221.25	0.0002142307
221.875	0.0002200358
222.5	0.0002247587
223.125	0.0002286978
223.75	0.0002278316
224.375	0.0002319347
225	0.0002433098
225.625	0.0002550143
226.25	0.0002592548
226.875	0.0002674144
227.5	0.0002734493
228.125	0.0002818782
228.75	0.000288527
229.375	0.0002996054
230	0.000308085
230.625	0.0003120771
231.25	0.0003143112
231.875	0.000326085
232.5	0.0003342833
233.125	0.0003417191
233.75	0.0003435008
234.375	0.0003528366
235	0.0003616681
235.625	0.0003694953
236.25	0.0003741624
236.875	0.0003787703
237.5	0.0003816165
238.125	0.0003856678
238.75	0.0003893093
239.375	0.0003962429
240	0.000401239
240.625	0.0004054389
241.25	0.0004064206
241.875	0.0004093125
242.5	0.0004152764
243.125	0.0004215039
243.75	0.0004218303
244.375	0.000425488
245	0.0004342781
245.625	0.0004448876
246.25	0.0004495432
246.875	0.0004475924
247.5	0.000453134
248.125	0.0004589803
248.75	0.0004634283
249.375	0.0004671509
250	0.0004698503
250.625	0.0004741828
251.25	0.0004740423
251.875	0.0004716109
252.5	0.0004730785
253.125	0.0004762936
253.75	0.0004745311
254.375	0.0004736911
255	0.0004757831
255.625	0.0004802127
256.25	0.0004811929
256.875	0.0004737773
257.5	0.000470302
258.125	0.0004716497
258.75	0.000471883
259.375	0.0004746995
260	0.000471696
260.625	0.0004717392
261.25	0.0004681995
261.875	0.0004661841
262.5	0.0004666017
263.125	0.0004696802
263.75	0.0004679596
264.375	0.0004628168
265	0.000457274
265.625	0.0004606711
266.25	0.0004638508
266.875	0.0004602651
267.5	0.0004546372
268.125	0.0004508746
268.75	0.0004510119
269.375	0.0004497678
270	0.0004474737
270.625	0.0004428059
271.25	0.0004373206
271.875	0.0004332444
272.5	0.000429341
273.125	0.0004222769
273.75	0.0004195098
274.375	0.0004126812
275	0.0004027795
275.625	0.0003927585
276.25	0.0003923183
276.875	0.0003884687
277.5	0.0003795721
278.125	0.0003629119
278.75	0.0003576716
279.375	0.0003504714
280	0.0003416715
280.625	0.0003346232
281.25	0.0003259571
281.875	0.0003122435
282.5	0.0002993798
283.125	0.000289174
283.75	0.0002857707
284.375	0.0002757045
285	0.0002625063
285.625	0.0002502836
286.25	0.000240851
286.875	0.000230966
287.5	0.0002203085
288.125	0.0002075244
288.75	0.000196338
289.375	0.0001858696
290	0.0001756472
290.625	0.0001677111
291.25	0.0001566497
291.875	0.0001465394
292.5	0.0001326439
293.125	0.0001216906
293.75	0.0001118934
294.375	0.0001033892
295	9.133245e-5
295.625	7.786928e-5
296.25	6.431677e-5
296.875	5.859077e-5
297.5	4.659764e-5
298.125	3.347644e-5
298.75	2.205379e-5
299.375	2.197038e-5
300	2.503933e-5
300.625	2.547988e-5
301.25	3.519586e-5
301.875	4.309339e-5
302.5	5.591928e-5
303.125	6.867185e-5
303.75	8.119334e-5
304.375	8.975672e-5
305	9.959158e-5
305.625	0.0001074495
306.25	0.000122923
306.875	0.0001300409
307.5	0.0001384249
308.125	0.0001487105
308.75	0.0001638505
309.375	0.0001751459
310	0.0001818539
310.625	0.0001867275
311.25	0.0001958891
311.875	0.0002004666
312.5	0.0002080954
313.125	0.0002161344
313.75	0.0002232216
314.375	0.0002254862
315	0.0002247867
315.625	0.0002287488
316.25	0.0002351901
316.875	0.0002392023
317.5	0.000238511
318.125	0.0002388524
318.75	0.0002407169
319.375	0.0002472885
320	0.0002491212
320.625	0.0002489946
321.25	0.0002449677
321.875	0.0002440806
322.5	0.0002464576
323.125	0.0002494248
323.75	0.0002462152
324.375	0.0002447068
325	0.0002404825
325.625	0.0002384853
326.25	0.0002352641
326.875	0.0002372311
327.5	0.0002381671
328.125	0.000232816
328.75	0.0002253094
329.375	0.000225588
330	0.0002289595
330.625	0.0002297406
331.25	0.0002235679
331.875	0.0002190298
332.5	0.0002176268
333.125	0.0002144493
333.75	0.0002138437
334.375	0.0002143648
335	0.0002103061
335.625	0.0002048785
336.25	0.0002011851
336.875	0.000200207
337.5	0.0001998703
338.125	0.0001950606
338.75	0.0001927191
339.375	0.0001889769
340	0.0001850356
340.625	0.00018315
341.25	0.0001814397
341.875	0.0001763214
342.5	0.0001743081
343.125	0.0001705796
343.75	0.0001701085
344.375	0.0001685867
345	0.000169034
345.625	0.0001665972
346.25	0.0001613374
346.875	0.0001532204
347.5	0.0001542131
348.125	0.0001552736
348.75	0.0001554068
349.375	0.0001525007
350	0.0001495559
350.625	0.000149196
351.25	0.0001509595
351.875	0.0001472521
352.5	0.000144145
353.125	0.0001409869
353.75	0.0001461317
354.375	0.0001468522
355	0.0001450291
355.625	0.0001437041
356.25	0.0001446731
356.875	0.0001413559
357.5	0.0001383741
358.125	0.0001404753
358.75	0.000145125
359.375	0.0001433928
360	0.0001370504
360.625	0.0001389372
361.25	0.000141231
361.875	0.0001422818
362.5	0.0001370572
363.125	0.0001341639
363.75	0.0001354259
364.375	0.0001358362
365	0.0001318303
365.625	0.0001346744
366.25	0.0001348196
366.875	0.0001342204
367.5	0.0001252932
368.125	0.0001217538
368.75	0.0001230287
369.375	0.0001262989
370	0.0001188907
370.625	0.0001143217
371.25	0.0001089499
371.875	0.0001088891
372.5	0.0001072724
373.125	0.0001035067
373.75	9.538778e-5
374.375	9.008313e-5
375	8.502179e-5
375.625	8.522265e-5
376.25	8.062212e-5
376.875	7.689241e-5
377.5	7.185797e-5
378.125	6.559511e-5
378.75	5.816104e-5
379.375	5.725277e-5
380	5.852835e-5
380.625	6.16448e-5
381.25	5.889993e-5
381.875	5.351547e-5
382.5	5.269181e-5
383.125	5.656025e-5
383.75	6.079035e-5
384.375	6.453995e-5
385	6.765309e-5
385.625	7.221572e-5
386.25	7.592618e-5
386.875	8.029613e-5
387.5	8.793798e-5
388.125	9.51898e-5
388.75	9.908394e-5
389.375	0.000100779
390	0.0001036036
390.625	0.0001121842
391.25	0.0001231893
391.875	0.0001266174
392.5	0.0001312151
393.125	0.0001370693
393.75	0.000142994
394.375	0.0001475655
395	0.0001546558
395.625	0.0001636926
396.25	0.0001730396
396.875	0.0001754357
397.5	0.000184142
398.125	0.0001930231
398.75	0.0002031377
399.375	0.0002071317
400	0.0002107588
400.625	0.0002147383
401.25	0.0002244887
401.875	0.0002312965
402.5	0.0002390077
403.125	0.0002423072
403.75	0.0002492187
404.375	0.0002566897
405	0.0002610338
405.625	0.0002645239
406.25	0.0002726358
406.875	0.0002783601
407.5	0.0002827853
408.125	0.00028509
408.75	0.00029173
409.375	0.0002966159
410	0.0002940441
410.625	0.000292709
411.25	0.000295974
411.875	0.0003016931
412.5	0.0003033298
413.125	0.0003017465
413.75	0.0003012403
414.375	0.000304288
415	0.0003026679
415.625	0.0003008269
416.25	0.0002972218
416.875	0.0002976537
417.5	0.0002945766
418.125	0.0002924355
418.75	0.0002917648
419.375	0.0002942501
420	0.0002865248
420.625	0.0002804945
421.25	0.0002746681
421.875	0.0002762054
422.5	0.0002733629
423.125	0.0002681373
423.75	0.0002587914
424.375	0.0002549428
425	0.000248421
425.625	0.0002483975
426.25	0.0002405635
426.875	0.0002349279
427.5	0.0002292665
428.125	0.0002239503
428.75	0.0002181018
429.375	0.000211455
430	0.0002035173
430.625	0.0001942783
431.25	0.000181803
431.875	0.00017499
432.5	0.0001730977
433.125	0.0001659082
433.75	0.0001533917
434.375	0.0001389281
435	0.0001304647
435.625	0.0001225212
436.25	0.0001157302
436.875	0.0001058203
437.5	9.564027e-5
438.125	8.246665e-5
438.75	7.786958e-5
439.375	7.67655e-5
440	7.663346e-5
440.625	7.313707e-5
441.25	7.343116e-5
441.875	8.504414e-5
442.5	9.234445e-5
443.125	9.839374e-5
443.75	0.0001017688
444.375	0.0001160307
445	0.0001282344
445.625	0.0001436474
446.25	0.0001573249
446.875	0.0001691086
447.5	0.0001768218
448.125	0.00018995
448.75	0.0002013484
449.375	0.0002140284
450	0.0002229699
450.625	0.0002349212
451.25	0.0002469115
451.875	0.0002566625
452.5	0.0002677765
453.125	0.0002768514
453.75	0.0002816603
454.375	0.00028985
455	0.0003029034
455.625	0.0003124827
456.25	0.0003213572
456.875	0.0003259447
457.5	0.0003337715
458.125	0.0003381521
458.75	0.000345805
459.375	0.0003552979
460	0.0003630177
460.625	0.0003668167
461.25	0.0003743856
461.875	0.0003792424
462.5	0.0003870117
463.125	0.0003888698
463.75	0.0003906064
464.375	0.0003947088
465	0.0004025293
465.625	0.0004073332
466.25	0.0004066598
466.875	0.0004067575
467.5	0.0004114819
468.125	0.0004129786
468.75	0.0004110163
469.375	0.0004120868
470	0.0004119618
470.625	0.0004091649
471.25	0.0004046824
471.875	0.0004052181
472.5	0.0004042991
473.125	0.0003988939
473.75	0.0003901613
474.375	0.0003845399
475	0.0003766613
475.625	0.0003748571
476.25	0.0003675387
476.875	0.0003586892
477.5	0.000346763
478.125	0.0003393452
478.75	0.0003338159
479.375	0.0003249314
480	0.0003136067
480.625	0.0003046625
481.25	0.0002943078
481.875	0.0002865057
482.5	0.0002778215
483.125	0.0002661044
483.75	0.0002557011
484.375	0.0002443217
485	0.0002382839
485.625	0.0002326907
486.25	0.000224754
486.875	0.0002106313
487.5	0.0002002772
488.125	0.0001914632
488.75	0.0001899795
489.375	0.0001815601
490	0.0001782707
490.625	0.000170059
491.25	0.0001597564
491.875	0.0001532361
492.5	0.0001560806
493.125	0.0001546053
493.75	0.0001474348
494.375	0.0001411442
495	0.0001441408
495.625	0.0001441853
496.25	0.0001421722
496.875	0.0001445477
497.5	0.0001469478
498.125	0.000156768
498.75	0.0001643088
499.375	0.0001721753
500	0.0001750176
500.625	0.0001829934
501.25	0.0001908733
501.875	0.0002006093
502.5	0.0002099743
503.125	0.0002195793
503.75	0.0002242136
504.375	0.0002333209
505	0.0002458765
505.625	0.0002561418
506.25	0.0002630545
506.875	0.00026726
507.5	0.0002764648
508.125	0.0002845657
508.75	0.0002948363
509.375	0.0003031412
510	0.0003082409
510.625	0.0003090497
511.25	0.000314689
511.875	0.0003152225
512.5	0.0003218829
513.125	0.0003248177
513.75	0.0003278503
514.375	0.0003241855
515	0.0003260395
515.625	0.0003281425
516.25	0.0003288502
516.875	0.0003222925
517.5	0.0003263267
518.125	0.0003297184
518.75	0.0003296937
519.375	0.0003241348
520	0.0003210275
520.625	0.000319013
521.25	0.0003165432
521.875	0.0003122275
522.5	0.0003111215
523.125	0.0003066875
523.75	0.0002999771
524.375	0.0002946316
525	0.0002897677
525.625	0.0002891955
526.25	0.0002845669
526.875	0.0002773343
527.5	0.0002688709
528.125	0.000264017
528.75	0.000259652
529.375	0.0002548834
530	0.0002457965
530.625	0.0002385527
531.25	0.0002291624
531.875	0.0002246497
532.5	0.000217116
533.125	0.0002063952
533.75	0.0001939964
534.375	0.0001841817
535	0.0001732893
535.625	0.0001644723
536.25	0.0001553737
536.875	0.0001460914
537.5	0.0001310691
538.125	0.0001164607
538.75	0.0001120298
539.375	0.0001052188
540	9.120206e-5
540.625	7.678562e-5
541.25	6.580865e-5
541.875	5.386621e-5
542.5	4.384745e-5
543.125	3.368471e-5
543.75	2.803596e-5
544.375	1.956279e-5
545	1.226261e-5
545.625	1.483987e-5
546.25	2.050598e-5
546.875	3.051387e-5
547.5	3.76114e-5
548.125	4.847744e-5
548.75	5.547344e-5
549.375	6.400827e-5
550	6.92117e-5
550.625	7.964885e-5
551.25	8.999711e-5
551.875	9.786054e-5
552.5	0.0001014648
553.125	0.0001060056
553.75	0.000108576
554.375	0.0001178587
555	0.000128566
555.625	0.0001355886
556.25	0.0001391081
556.875	0.0001408631
557.5	0.0001469307
558.125	0.0001511806
558.75	0.0001570373
559.375	0.000161693
560	0.0001668585
560.625	0.0001692929
561.25	0.0001772268
561.875	0.000180445
562.5	0.0001856939
563.125	0.0001861331
563.75	0.0001909222
564.375	0.0001919984
565	0.0001952066
565.625	0.0001988651
566.25	0.0002039168
566.875	0.0002001066
567.5	0.0002016665
568.125	0.0002032143
568.75	0.0002084091
569.375	0.0002056653
570	0.0002033695
570.625	0.0002036842
571.25	0.0002081086
571.875	0.0002052865
572.5	0.0002035139
573.125	0.0001993754
573.75	0.0001972119
574.375	0.0001936015
575	0.0001877486
575.625	0.0001873448
576.25	0.0001870369
576.875	0.0001815439
577.5	0.0001751154
578.125	0.0001701931
578.75	0.000168134
579.375	0.0001662606
580	0.0001583901
580.625	0.0001534958
581.25	0.0001467256
581.875	0.0001452061
582.5	0.0001400329
583.125	0.0001331633
583.75	0.0001218884
584.375	0.000120231
585	0.0001162275
585.625	0.0001142089
586.25	0.0001077776
586.875	0.0001060328
587.5	9.716707e-5
588.125	8.821236e-5
588.75	8.138156e-5
589.375	8.621262e-5
590	8.271549e-5
590.625	7.816165e-5
591.25	6.917579e-5
591.875	6.824794e-5
592.5	6.649192e-5
593.125	6.520127e-5
593.75	6.194427e-5
594.375	6.578806e-5
595	6.260375e-5
595.625	6.211716e-5
596.25	6.152522e-5
596.875	7.08712e-5
597.5	7.802066e-5
598.125	7.88808e-5
598.75	7.859559e-5
599.375	8.451698e-5
600	8.873505e-5
600.625	9.614573e-5
601.25	0.0001041529
601.875	0.0001103561
602.5	0.0001151933
603.125	0.000121979
603.75	0.0001271723
604.375	0.0001343433
605	0.0001397358
605.625	0.0001450141
606.25	0.0001478451
606.875	0.0001517681
607.5	0.0001618471
608.125	0.0001689746
608.75	0.0001726845
609.375	0.0001767192
610	0.0001792144
610.625	0.0001786137
611.25	0.0001822857
611.875	0.0001866718
612.5	0.0001912338
613.125	0.0001877671
613.75	0.0001897548
614.375	0.0001910913
615	0.0001935983
615.625	0.0001938204
616.25	0.0001971043
616.875	0.0001947712
617.5	0.0001957745
618.125	0.0001969296
618.75	0.0002032101
619.375	0.0002004051
620	0.0001956128
620.625	0.000192756
621.25	0.0001956695
621.875	0.0001932794
622.5	0.000191317
623.125	0.0001870377
623.75	0.0001871219
624.375	0.000185777
625	0.0001801231
625.625	0.0001776521
626.25	0.0001744485
626.875	0.000173086
627.5	0.0001684671
628.125	0.0001647675
628.75	0.0001613255
629.375	0.0001567717
630	0.00014611
630.625	0.000143123
631.25	0.0001362881
631.875	0.0001324718
632.5	0.0001223693
633.125	0.000113652
633.75	0.0001004106
634.375	9.313867e-5
635	8.582148e-5
635.625	8.281925e-5
636.25	6.87857e-5
636.875	6.101643e-5
637.5	5.425174e-5
638.125	5.104006e-5
638.75	4.835338e-5
639.375	4.264758e-5
640	4.281002e-5
640.625	4.912305e-5
641.25	6.210013e-5
641.875	6.642702e-5
642.5	7.206282e-5
643.125	8.072159e-5
643.75	9.486164e-5
644.375	0.0001051582
645	0.0001146889
645.625	0.0001227285
646.25	0.0001347726
646.875	0.0001455833
647.5	0.0001548033
648.125	0.0001634283
648.75	0.0001721962
649.375	0.0001812004
650	0.0001857665
650.625	0.0001982315
651.25	0.0002125707
651.875	0.0002208174
652.5	0.0002198633
653.125	0.0002269247
653.75	0.0002359064
654.375	0.0002494948
655	0.0002553208
655.625	0.0002645834
656.25	0.0002686389
656.875	0.0002729195
657.5	0.0002802799
658.125	0.0002909576
658.75	0.0002934797
659.375	0.0002985249
660	0.0003037247
660.625	0.0003115927
661.25	0.0003167416
661.875	0.0003217235
662.5	0.000326894
663.125	0.0003263361
663.75	0.0003280469
664.375	0.0003340845
665	0.0003366801
665.625	0.0003350954
666.25	0.0003352442
666.875	0.0003340649
667.5	0.0003348557
668.125	0.0003321325
668.75	0.0003323721
669.375	0.0003281754
670	0.0003210425
670.625	0.0003160357
671.25	0.0003153321
671.875	0.0003111052
672.5	0.0003048464
673.125	0.0002946085
673.75	0.0002871815
674.375	0.0002806095
675	0.0002729664
675.625	0.0002651649
676.25	0.000256604
676.875	0.0002492268
677.5	0.0002387124
678.125	0.0002279376
678.75	0.0002193703
679.375	0.0002127951
680	0.0002001261
680.625	0.0001940358
681.25	0.0001861565
681.875	0.0001810617
682.5	0.000166496
683.125	0.000158225
683.75	0.0001516445
684.375	0.0001473394
685	0.0001365913
685.625	0.0001313372
686.25	0.00012271
686.875	0.0001188637
687.5	0.0001126155
688.125	0.0001137029
688.75	0.000113852
689.375	0.0001101363
690	0.0001090948
690.625	0.0001096005
691.25	0.0001141841
691.875	0.0001157251
692.5	0.0001178766
693.125	0.0001251663
693.75	0.0001361826
694.375	0.000144533
695	0.0001503873
695.625	0.0001541142
696.25	0.0001646491
696.875	0.0001779047
697.5	0.0001889094
698.125	0.0001965636
698.75	0.0002034485
699.375	0.0002147563
700	0.0002202468
700.625	0.0002277511
701.25	0.0002371475
701.875	0.0002468158
702.5	0.000246824
703.125	0.000254045
703.75	0.0002620168
704.375	0.0002724331
705	0.0002688896
705.625	0.0002719909
706.25	0.000273567
706.875	0.0002787858
707.5	0.0002804081
708.125	0.000286586
708.75	0.0002830828
709.375	0.0002811704
710	0.0002765521
710.625	0.000278803
711.25	0.0002732758
711.875	0.0002687959
712.5	0.0002653545
713.125	0.000262121
713.75	0.000257331
714.375	0.0002563974
715	0.0002508337
715.625	0.0002424751
716.25	0.0002341168
716.875	0.0002296206
717.5	0.0002282
718.125	0.000221735
718.75	0.0002161218
719.375	0.0002057353
720	0.0001949434
720.625	0.0001867634
721.25	0.0001833561
721.875	0.0001739308
722.5	0.0001641492
723.125	0.0001519303
723.75	0.0001454995
724.375	0.0001360711
725	0.0001260907
725.625	0.0001153378
726.25	0.0001044648
726.875	9.553113e-5
727.5	8.680735e-5
728.125	7.313977e-5
728.75	6.068234e-5
729.375	5.095601e-5
730	3.827827e-5
730.625	2.458942e-5
731.25	1.337334e-5
731.875	1.056526e-5
732.5	1.163577e-5
733.125	2.802247e-5
733.75	4.073457e-5
734.375	4.999474e-5
735	6.231309e-5
735.625	7.238455e-5
736.25	8.438888e-5
736.875	9.415419e-5
737.5	0.0001061418
738.125	0.0001127408
738.75	0.000122256
739.375	0.0001335741
740	0.0001440328
740.625	0.0001487826
741.25	0.0001563412
741.875	0.0001607661
742.5	0.0001689572
743.125	0.0001760641
743.75	0.0001816075
744.375	0.0001856335
745	0.0001879573
745.625	0.0001947308
746.25	0.0001986944
746.875	0.0001992986
747.5	0.0001995478
748.125	0.0002003508
748.75	0.0001996584
749.375	0.0002059405
750	0.0002069176
750.625	0.0002100181
751.25	0.0002055809
751.875	0.0002046845
752.5	0.0002014371
753.125	0.0002047813
753.75	0.000204784
754.375	0.0002070434
755	0.0001974584
755.625	0.0001972414
756.25	0.0001961213
756.875	0.0001939854
757.5	0.000185606
758.125	0.00018249
758.75	0.0001791352
759.375	0.0001758649
760	0.00016964
760.625	0.000168941
761.25	0.0001600073
761.875	0.0001475663
762.5	0.0001399792
763.125	0.0001367594
763.75	0.0001336171
764.375	0.0001213607
765	0.0001115299
765.625	0.000103915
766.25	9.961991e-5
766.875	9.186151e-5
767.5	8.480842e-5
768.125	7.85397e-5
768.75	7.654597e-5
769.375	7.53268e-5
770	7.893455e-5
770.625	8.387271e-5
771.25	8.491767e-5
771.875	9.186293e-5
772.5	9.803944e-5
773.125	0.0001106641
773.75	0.0001160205
774.375	0.0001275965
775	0.0001342775
775.625	0.0001451157
776.25	0.0001551565
776.875	0.0001674506
777.5	0.0001712022
778.125	0.0001831861
778.75	0.0001932522
779.375	0.0002041657
780	0.0002082679
780.625	0.000217186
781.25	0.0002270563
781.875	0.0002326182
782.5	0.0002399145
783.125	0.0002519856
783.75	0.0002584053
784.375	0.0002600407
785	0.0002674545
785.625	0.0002773184
786.25	0.0002857308
786.875	0.0002876466
787.5	0.0002957933
788.125	0.0003022228
788.75	0.0003063241
789.375	0.0003095586
790	0.0003166652
790.625	0.0003215278
791.25	0.0003264924
791.875	0.0003297818
792.5	0.0003353131
793.125	0.0003376242
793.75	0.0003381291
794.375	0.0003391031
795	0.0003393907
795.625	0.0003447407
796.25	0.0003470894
796.875	0.0003455667
797.5	0.0003399968
798.125	0.000338673
798.75	0.0003364009
799.375	0.0003350454
800	0.0003266028
800.625	0.0003247581
801.25	0.0003181373
801.875	0.0003161359
802.5	0.0003095303
803.125	0.0003068324
803.75	0.000298757
804.375	0.0002911117
805	0.0002784928
805.625	0.0002763056
806.25	0.0002707747
806.875	0.0002649217
807.5	0.0002524713
808.125	0.0002437099
808.75	0.0002394792
809.375	0.000233719
810	0.0002234795
810.625	0.0002156004
811.25	0.0002119959
811.875	0.0002092812
812.5	0.0002038462
813.125	0.0001972135
813.75	0.0001952735
814.375	0.0001869229
815	0.0001820848
815.625	0.0001813847
816.25	0.0001857993
816.875	0.0001810916
817.5	0.0001730947
818.125	0.0001696361
818.75	0.0001720535
819.375	0.0001719974
820	0.0001746726
820.625	0.000176917
821.25	0.0001765096
821.875	0.0001804391
822.5	0.0001853698
823.125	0.0001929023
823.75	0.0001912515
824.375	0.0001976496
825	0.0002032062
825.625	0.000210668
826.25	0.0002151756
826.875	0.0002237951
827.5	0.0002258051
828.125	0.0002343618
828.75	0.0002421927
829.375	0.0002550539
830	0.0002571562
830.625	0.0002631632
831.25	0.0002708942
831.875	0.0002773877
832.5	0.0002809174
833.125	0.0002888983
833.75	0.0002954601
834.375	0.0002975141
835	0.0002979171
835.625	0.0003030261
836.25	0.0003091188
836.875	0.0003058611
837.5	0.0003059511
838.125	0.0003075961
838.75	0.0003105378
839.375	0.000309312
840	0.0003081882
840.625	0.0003056173
841.25	0.0003056646
841.875	0.0002999501
842.5	0.0002999257
843.125	0.0002955475
843.75	0.0002940214
844.375	0.0002891266
845	0.0002845277
845.625	0.0002797569
846.25	0.0002758093
846.875	0.0002672983
847.5	0.0002609887
848.125	0.0002570837
848.75	0.00025613
849.375	0.000251854
850	0.0002417876
850.625	0.0002350367
851.25	0.0002280489
851.875	0.0002232402
852.5	0.0002148252
853.125	0.0002087658
853.75	0.0002031879
854.375	0.0001980311
855	0.0001883695
855.625	0.0001822999
856.25	0.0001716292
856.875	0.0001647581
857.5	0.0001519962
858.125	0.0001413483
858.75	0.0001361054
859.375	0.0001319507
860	0.000120592
860.625	0.0001057522
861.25	9.453154e-5
861.875	9.195771e-5
862.5	8.51307e-5
863.125	7.26807e-5
863.75	6.842966e-5
864.375	6.137929e-5
865	5.696263e-5
865.625	5.051922e-5
866.25	5.366274e-5
866.875	5.306834e-5
867.5	5.431284e-5
868.125	6.207673e-5
868.75	7.125519e-5
869.375	7.368229e-5
870	7.718406e-5
870.625	8.54786e-5
871.25	9.235067e-5
871.875	9.884562e-5
872.5	0.0001040559
873.125	0.000114427
873.75	0.000114678
874.375	0.0001205493
875	0.000126732
875.625	0.0001351767
876.25	0.0001354422
876.875	0.000136876
877.5	0.0001380492
878.125	0.0001453783
878.75	0.0001480507
879.375	0.00015357
880	0.0001512942
880.625	0.0001517968
881.25	0.0001565902
881.875	0.0001619226
882.5	0.0001616637
883.125	0.0001609236
883.75	0.0001632823
884.375	0.0001637219
885	0.0001607664
885.625	0.0001616865
886.25	0.0001691508
886.875	0.0001670983
887.5	0.0001648032
888.125	0.0001626688
888.75	0.0001675281
889.375	0.000165476
890	0.0001628124
890.625	0.0001606428
891.25	0.0001645971
891.875	0.0001609468
892.5	0.0001616278
893.125	0.0001543599
893.75	0.0001531419
894.375	0.000148774
895	0.0001458303
895.625	0.0001411218
896.25	0.0001420775
896.875	0.0001359679
897.5	0.0001308387
898.125	0.0001204527
898.75	0.0001197094
899.375	0.0001149467
900	0.0001067244
900.625	0.0001000082
901.25	9.841346e-5
901.875	9.27804e-5
902.5	8.690778e-5
903.125	7.931748e-5
903.75	7.243131e-5
904.375	6.530143e-5
905	5.794417e-5
905.625	5.408798e-5
906.25	4.714381e-5
906.875	4.147795e-5
907.5	3.616246e-5
908.125	3.061565e-5
908.75	2.42711e-5
909.375	2.237334e-5
910	1.40487e-5
910.625	1.070296e-5
911.25	9.150286e-6
911.875	5.083421e-6
912.5	5.486902e-6
913.125	1.578992e-5
913.75	2.205763e-5
914.375	2.421961e-5
915	2.700191e-5
915.625	3.329818e-5
916.25	3.66691e-5
916.875	3.746049e-5
917.5	4.299705e-5
918.125	5.337227e-5
918.75	5.640703e-5
919.375	5.942613e-5
920	6.06877e-5
920.625	7.074052e-5
921.25	7.662841e-5
921.875	7.744702e-5
922.5	7.585625e-5
923.125	8.437332e-5
923.75	8.933506e-5
924.375	9.602517e-5
925	9.58796e-5
925.625	0.0001020996
926.25	0.0001049271
926.875	0.0001059957
927.5	0.0001093317
928.125	0.0001177314
928.75	0.0001209549
929.375	0.0001236544
930	0.0001213296
930.625	0.0001229998
931.25	0.0001279179
931.875	0.0001321763
932.5	0.0001319391
933.125	0.0001294638
933.75	0.0001308462
934.375	0.0001332721
935	0.0001306632
935.625	0.0001271284
936.25	0.000129214
936.875	0.0001279192
937.5	0.0001260965
938.125	0.0001235866
938.75	0.0001273395
939.375	0.0001268826
940	0.0001236961
940.625	0.0001183609
941.25	0.000120574
941.875	0.0001182541
942.5	0.0001192551
943.125	0.0001108282
943.75	0.0001098017
944.375	0.0001083691
945	0.0001081573
945.625	0.000101109
946.25	9.979364e-5
946.875	9.666574e-5
947.5	9.601934e-5
948.125	8.860806e-5
948.75	9.22099e-5
949.375	9.326031e-5
950	8.961538e-5
950.625	8.220466e-5
951.25	8.010085e-5
951.875	7.698259e-5
952.5	7.315684e-5
953.125	6.785046e-5
953.75	6.725219e-5
954.375	6.54921e-5
955	5.937033e-5
955.625	5.565488e-5
956.25	4.733113e-5
956.875	4.11157e-5
957.5	3.611587e-5
958.125	3.274383e-5
958.75	2.777849e-5
959.375	2.448525e-5
960	1.641118e-5
960.625	1.015211e-5
961.25	8.235104e-7
961.875	3.578004e-6
962.5	9.814974e-6
963.125	1.468983e-5
963.75	2.485256e-5
964.375	2.964468e-5
965	3.726331e-5
965.625	3.902493e-5
966.25	4.980915e-5
966.875	5.464058e-5
967.5	6.256955e-5
968.125	6.737775e-5
968.75	7.614936e-5
969.375	7.94271e-5
970	8.367731e-5
970.625	8.816482e-5
971.25	9.967317e-5
971.875	0.0001025821
972.5	0.0001033401
973.125	0.0001079486
973.75	0.0001162746
974.375	0.0001208855
975	0.0001215575
975.625	0.0001247816
976.25	0.0001292358
976.875	0.0001313372
977.5	0.000135053
978.125	0.0001415655
978.75	0.0001433569
979.375	0.0001466933
980	0.0001457911
980.625	0.0001494128
981.25	0.0001545516
981.875	0.000161117
982.5	0.0001624606
983.125	0.000161453
983.75	0.0001610571
984.375	0.0001682146
985	0.0001702937
985.625	0.0001718756
986.25	0.0001739846
986.875	0.000175521
987.5	0.0001759938
988.125	0.0001767139
988.75	0.000177713
989.375	0.0001795464
990	0.000180277
990.625	0.0001808089
991.25	0.0001829228
991.875	0.000182061
992.5	0.000184639
993.125	0.0001790369
993.75	0.0001740781
994.375	0.0001721832
995	0.000173782
995.625	0.0001698675
996.25	0.0001659536
996.875	0.0001621925
997.5	0.0001622152
998.125	0.0001525808
998.75	0.0001488028
999.375	0.000146094
1000	0.0001440598
