Source File Name:	Analyzer
Signal:	FFT - Vib Velocity - Magnitude

Frequency	Magnitude
[ Hz ]	[ m/s ]
20	0.0006846945
20.625	0.0006421812
21.25	0.0006113428
21.875	0.0005799245
22.5	0.0006159447
23.125	0.0006510665
23.75	0.0006774873
24.375	0.0006935702
25	0.0007317637
25.625	0.0007395981
26.25	0.0007324458
26.875	0.0007314837
27.5	0.0007090713
28.125	0.0006669691
28.75	0.0006373485
29.375	0.0005893942
30	0.0005734397
30.625	0.0005513068
31.25	0.0005233756
31.875	0.0005067996
32.5	0.0004798413
33.125	0.0004832798
33.75	0.0004663153
34.375	0.0004532374
35	0.0004464905
35.625	0.0004376359
36.25	0.0004404885
36.875	0.0004271609
37.5	0.0004354061
38.125	0.0004276829
38.75	0.0004157325
39.375	0.000413662
40	0.0003938728
40.625	0.0003926582
41.25	0.0003802321
41.875	0.0003677231
42.5	0.000358752
43.125	0.0003479554
43.75	0.0003489097
44.375	0.0003284096
45	0.0003242478
45.625	0.0003201118
46.25	0.0003124123
46.875	0.0003131037
47.5	0.0003051343
48.125	0.0003017682
48.75	0.0002854618
49.375	0.0002793946
50	0.0002770532
50.625	0.0002615902
51.25	0.0002604225
51.875	0.0002478301
52.5	0.0002341456
53.125	0.0002216569
53.75	0.0002153508
54.375	0.0002211954
55	0.0002036361
55.625	0.0002086982
56.25	0.0002058055
56.875	0.0001931394
57.5	0.0001907983
58.125	0.0001815597
58.75	0.0001825747
59.375	0.0001578062
60	0.0001462001
60.625	0.0001435261
61.25	0.0001325251
61.875	0.0001268119
62.5	0.000118889
63.125	0.0001091875
63.75	0.0001065485
64.375	0.0001062926
65	0.0001040331
65.625	9.716031e-5
66.25	9.898394e-5
66.875	0.0001020958
67.5	9.024014e-5
68.125	9.054212e-5
68.75	8.895554e-5
69.375	7.829854e-5
70	6.083394e-5
70.625	6.15048e-5
71.25	6.494159e-5
71.875	6.365001e-5
72.5	6.29436e-5
73.125	6.372011e-5
73.75	6.644591e-5
74.375	7.652484e-5
75	8.493862e-5
75.625	8.268917e-5
76.25	8.843277e-5
76.875	8.582525e-5
77.5	8.231612e-5
78.125	7.684396e-5
78.75	7.904766e-5
79.375	8.076675e-5
80	7.388045e-5
80.625	6.601903e-5
81.25	7.003309e-5
81.875	6.768579e-5
82.5	6.522968e-5
83.125	7.294024e-5
83.75	7.772652e-5
84.375	8.315717e-5
85	8.993738e-5
85.625	9.983309e-5
86.25	0.0001078353
86.875	0.0001077271
87.5	0.0001184639
88.125	0.0001107627
88.75	0.0001217982
89.375	0.0001319982
90	0.0001197893
90.625	0.0001248442
91.25	0.0001179419
91.875	0.0001112136
92.5	0.0001106686
93.125	0.0001179905
93.75	0.0001244566
94.375	0.0001154198
95	0.0001313415
95.625	0.0001311854
96.25	0.0001372699
96.875	0.0001484304
97.5	0.0001518931
98.125	0.0001626346
98.75	0.0001502983
99.375	0.0001539383
100	0.0001575455
100.625	0.0001506
101.25	0.0001543047
101.875	0.0001418872
102.5	0.0001448018
103.125	0.0001369721
103.75	0.0001363633
104.375	0.0001406796
105	0.0001319381
105.625	0.0001481042
106.25	0.0001444395
106.875	0.0001487905
107.5	0.0001585646
108.125	0.0001600782
108.75	0.0001620122
109.375	0.0001477142
110	0.0001581192
110.625	0.0001566382
111.25	0.0001511135
111.875	0.0001612944
112.5	0.0001430597
113.125	0.0001469289
113.75	0.000150123
114.375	0.0001571352
115	0.000163922
115.625	0.0001696231
116.25	0.0001808283
116.875	0.0001766215
117.5	0.0001935611
118.125	0.000214203
118.75	0.000220685
119.375	0.0002378657
120	0.0002385384
120.625	0.000260119
121.25	0.0002676801
121.875	0.000277831
122.5	0.0003084558
123.125	0.0003183662
123.75	0.0003422674
124.375	0.0003631223
125	0.0003938346
125.625	0.000431678
126.25	0.0004620386
126.875	0.0005103087
127.5	0.0005473047
128.125	0.00061146
128.75	0.0006673838
129.375	0.0007168888
130	0.000784914
130.625	0.0008308477
131.25	0.0008683045
131.875	0.0008972171
132.5	0.0009114714
133.125	0.0009017502
133.75	0.000884309
134.375	0.0008453647
135	0.0007944822
135.625	0.0007360403
136.25	0.0006696593
136.875	0.0006032958
137.5	0.0005344052
138.125	0.0004777249
138.75	0.0004090359
139.375	0.0003692543
140	0.0003440087
140.625	0.0003240096
141.25	0.0003259761
141.875	0.0003271174
142.5	0.0003347087
143.125	0.0003351054
143.75	0.0003320824
144.375	0.0003398391
145	0.0003335135
145.625	0.0003248114
146.25	0.0003206127
146.875	0.0003137293
147.5	0.0003064611
148.125	0.0003040113
148.75	0.0003073835
149.375	0.0003020911
150	0.0003026029
150.625	0.0003154287
151.25	0.0003136871
151.875	0.0003099763
152.5	0.0003055101
153.125	0.0003036075
153.75	0.0002885904
154.375	0.0002794863
155	0.0002815834
155.625	0.0002702266
156.25	0.0002581677
156.875	0.0002559558
157.5	0.0002478998
158.125	0.0002472813
158.75	0.0002529713
159.375	0.0002478759
160	0.0002414421
160.625	0.0002366179
161.25	0.0002263542
161.875	0.0002198297
162.5	0.0002154438
163.125	0.0002088601
163.75	0.0001959693
164.375	0.0001944727
165	0.0001889684
165.625	0.0001901168
166.25	0.0002020028
166.875	0.0002013771
167.5	0.0002221266
168.125	0.0002325458
168.75	0.0002431185
169.375	0.0002654219
170	0.0002743163
170.625	0.0002879324
171.25	0.00029742
171.875	0.0003224372
172.5	0.0003348461
173.125	0.0003421104
173.75	0.00036865
174.375	0.0003772635
175	0.0004001828
175.625	0.0004199813
176.25	0.0004373385
176.875	0.0004449193
177.5	0.0004435083
178.125	0.0004608552
178.75	0.0004548838
179.375	0.0004616252
180	0.0004715663
180.625	0.0004537209
181.25	0.0004508318
181.875	0.0004372525
182.5	0.0004294775
183.125	0.0004176954
183.75	0.0004058737
184.375	0.0004007714
185	0.000379938
185.625	0.0003731856
186.25	0.0003605126
186.875	0.0003597939
187.5	0.0003537075
188.125	0.0003361544
188.75	0.0003436776
189.375	0.0003238919
190	0.0003115837
190.625	0.0003024214
191.25	0.0002814356
191.875	0.0002723797
192.5	0.0002554411
193.125	0.0002584252
193.75	0.0002530604
194.375	0.000253155
195	0.000270636
195.625	0.0002836372
196.25	0.0003180769
196.875	0.0003473049
197.5	0.0003797993
198.125	0.0004084096
198.75	0.0004358487
199.375	0.0004750957
200	0.0004929189
200.625	0.0005218615
201.25	0.0005340987
201.875	0.0005271363
202.5	0.0005359605
203.125	0.0005293456
203.75	0.0005246461
204.375	0.0005125082
205	0.0005037257
205.625	0.00048857
206.25	0.0004650785
206.875	0.000460814
207.5	0.0004450962
208.125	0.0004391395
208.75	0.0004234432
209.375	0.0004060883
210	0.0004085794
210.625	0.000384647
211.25	0.0003795668
211.875	0.0003686967
212.5	0.0003473605
213.125	0.0003449546
213.75	0.0003316809
214.375	0.0003269889
215	0.0003136447
215.625	0.0003101866
216.25	0.0002957981
216.875	0.0002749992
217.5	0.00027854
218.125	0.0002602279
218.75	0.0002447453
219.375	0.0002250425
220	0.0001940639
220.625	0.0001721425
221.25	0.0001418602
221.875	0.0001279182
222.5	9.371556e-5
223.125	6.959202e-5
223.75	4.894466e-5
224.375	1.113643e-5
225	1.633451e-5
225.625	2.400094e-5
226.25	3.545818e-5
226.875	3.932561e-5
227.5	4.93921e-5
228.125	4.664647e-5
228.75	5.697556e-5
229.375	5.73112e-5
230	5.821845e-5
230.625	5.953201e-5
231.25	6.687595e-5
231.875	8.186639e-5
232.5	7.23195e-5
233.125	9.137626e-5
233.75	0.0001020195
234.375	9.621164e-5
235	0.0001100526
235.625	0.0001052985
236.25	0.0001101094
236.875	0.0001124892
237.5	0.0001210504
238.125	0.0001280347
238.75	0.0001232984
239.375	0.0001387806
240	0.0001348934
240.625	0.0001458818
241.25	0.0001599621
241.875	0.0001656199
242.5	0.0001712251
243.125	0.0001631536
243.75	0.0001728037
244.375	0.0001713768
245	0.000173023
245.625	0.0001837754
246.25	0.0001671352
246.875	0.0001732339
247.5	0.000174075
248.125	0.0001751552
248.75	0.000182841
249.375	0.0001843101
250	0.0001905354
250.625	0.0001845535
251.25	0.0001883763
251.875	0.0001872537
252.5	0.0001829145
253.125	0.0001824814
253.75	0.000166271
254.375	0.0001715625
255	0.000161111
255.625	0.000153127
256.25	0.0001554934
256.875	0.0001375204
257.5	0.0001367207
258.125	0.0001415966
258.75	0.0001429943
259.375	0.0001388673
260	0.0001377017
260.625	0.0001427668
261.25	0.0001310288
261.875	0.000134014
262.5	0.0001415083
263.125	0.0001316498
263.75	0.0001203841
264.375	0.0001095804
265	0.0001111813
265.625	0.0001041154
266.25	0.0001029926
266.875	0.0001059448
267.5	9.75594e-5
268.125	0.0001013471
268.75	0.0001013573
269.375	0.0001047581
270	0.000114946
270.625	0.0001131753
271.25	0.0001086016
271.875	0.0001117677
272.5	0.0001139724
273.125	0.0001069061
273.75	9.983154e-5
274.375	9.390528e-5
275	8.93955e-5
275.625	8.981717e-5
276.25	7.942229e-5
276.875	7.869408e-5
277.5	8.430005e-5
278.125	7.401891e-5
278.75	7.934066e-5
279.375	9.225403e-5
280	9.358216e-5
280.625	9.553682e-5
281.25	9.630198e-5
281.875	9.096343e-5
282.5	9.182604e-5
283.125	0.0001028647
283.75	9.895874e-5
284.375	9.052581e-5
285	9.115812e-5
285.625	8.448485e-5
286.25	8.216231e-5
286.875	8.743137e-5
287.5	0.0001014159
288.125	0.0001056244
288.75	0.0001093203
289.375	0.0001213339
290	0.0001300707
290.625	0.0001365757
291.25	0.0001497669
291.875	0.0001500939
292.5	0.0001539041
293.125	0.0001574988
293.75	0.0001577621
294.375	0.0001560744
295	0.0001543493
295.625	0.0001497815
296.25	0.0001552283
296.875	0.0001590691
297.5	0.0001592937
298.125	0.0001670943
298.75	0.0001707809
299.375	0.0001701359
300	0.0001808797
300.625	0.0001840049
301.25	0.0001842934
301.875	0.0001908214
302.5	0.0001777535
303.125	0.0001673211
303.75	0.0001738804
304.375	0.0001704023
305	0.0001627414
305.625	0.0001611304
306.25	0.0001639684
306.875	0.0001582214
307.5	0.0001596469
308.125	0.0001799811
308.75	0.0001854029
309.375	0.0001841754
310	0.000189176
310.625	0.0001977873
311.25	0.0002016732
311.875	0.0001980291
312.5	0.0002112545
313.125	0.0002097679
313.75	0.0002123065
314.375	0.0002208993
315	0.0002169651
315.625	0.0002327921
316.25	0.000235118
316.875	0.0002421321
317.5	0.0002560912
318.125	0.0002610942
318.75	0.0002717315
319.375	0.0002683387
320	0.0002712741
320.625	0.0002728841
321.25	0.0002840445
321.875	0.0002854112
322.5	0.0002692385
323.125	0.0002844943
323.75	0.0002795746
324.375	0.0002731953
325	0.0002867346
325.625	0.0002864413
326.25	0.0002901419
326.875	0.0002819428
327.5	0.0002863285
328.125	0.0002888686
328.75	0.0002898006
329.375	0.0002970119
330	0.0002831736
330.625	0.0002858208
331.25	0.0002814913
331.875	0.0002756183
332.5	0.0002770287
333.125	0.0002727071
333.75	0.0002833625
334.375	0.0002783749
335	0.0002863709
335.625	0.0002939908
336.25	0.0002887824
336.875	0.0003006922
337.5	0.000302228
338.125	0.0003080145
338.75	0.0003129922
339.375	0.0003100821
340	0.0003105362
340.625	0.0003071311
341.25	0.0003171191
341.875	0.0003191439
342.5	0.0003291746
343.125	0.0003286728
343.75	0.0003264022
344.375	0.0003395065
345	0.0003393835
345.625	0.0003432362
346.25	0.0003584547
346.875	0.000351605
347.5	0.000341709
348.125	0.0003396001
348.75	0.0003423335
349.375	0.000331156
350	0.0003292757
350.625	0.0003300656
351.25	0.0003228182
351.875	0.0003201195
352.5	0.0003240459
353.125	0.000330761
353.75	0.0003333856
354.375	0.00033555
355	0.0003379264
355.625	0.0003366271
356.25	0.0003382853
356.875	0.0003369428
357.5	0.0003280299
358.125	0.0003264295
358.75	0.0003320529
359.375	0.0003264239
360	0.0003238847
360.625	0.0003237487
361.25	0.0003300142
361.875	0.0003421651
362.5	0.000343325
363.125	0.0003542496
363.75	0.0003645478
364.375	0.0003587067
365	0.0003502126
365.625	0.0003572076
366.25	0.000360542
366.875	0.0003455023
367.5	0.0003395276
368.125	0.0003276544
368.75	0.0003166087
369.375	0.0003218998
370	0.0003155768
370.625	0.0003187282
371.25	0.0003219566
371.875	0.000317977
372.5	0.0003166032
373.125	0.0003129056
373.75	0.0003198455
374.375	0.0003069067
375	0.0002979838
375.625	0.0002935591
376.25	0.0002809429
376.875	0.0002716204
377.5	0.0002575401
378.125	0.0002541115
378.75	0.0002480496
379.375	0.0002492092
380	0.0002598843
380.625	0.0002511284
381.25	0.0002615827
381.875	0.0002632567
382.5	0.0002651573
383.125	0.000274455
383.75	0.0002685485
384.375	0.000265502
385	0.0002561061
385.625	0.0002498289
386.25	0.0002520924
386.875	0.0002596338
387.5	0.0002629603
388.125	0.0002541382
388.75	0.0002672041
389.375	0.0002676643
390	0.0002656429
390.625	0.0002849207
391.25	0.0002865115
391.875	0.0002803054
392.5	0.0002783992
393.125	0.0002737307
393.75	0.0002688583
394.375	0.0002615879
395	0.0002597613
395.625	0.000244623
396.25	0.000240536
396.875	0.0002382776
397.5	0.0002280889
398.125	0.0002230745
398.75	0.0002235842
399.375	0.0002259749
400	0.0002220688
400.625	0.0002186837
401.25	0.0002200547
401.875	0.0002101884
402.5	0.0002000983
403.125	0.0001947206
403.75	0.0001940764
404.375	0.0001942744
405	0.0001793385
405.625	0.0001700717
406.25	0.0001772201
406.875	0.0001742314
407.5	0.0001744217
408.125	0.0001818454
408.75	0.0001795508
409.375	0.0001753632
410	0.0001747556
410.625	0.0001790909
411.25	0.0001779761
411.875	0.000184292
412.5	0.0001763752
413.125	0.000161592
413.75	0.0001678516
414.375	0.0001605025
415	0.0001553829
415.625	0.0001606034
416.25	0.0001587463
416.875	0.0001594201
417.5	0.0001540918
418.125	0.0001595196
418.75	0.0001551699
419.375	0.0001512379
420	0.0001558412
420.625	0.0001471188
421.25	0.0001470511
421.875	0.0001406305
422.5	0.0001323303
423.125	0.0001256689
423.75	0.0001213517
424.375	0.0001283291
425	0.0001215711
425.625	0.0001204518
426.25	0.0001184611
426.875	0.000112426
427.5	0.0001223539
428.125	0.0001145736
428.75	0.0001241052
429.375	0.0001206796
430	0.000103086
430.625	0.0001014486
431.25	9.958119e-5
431.875	9.906451e-5
432.5	9.46767e-5
433.125	0.0001004182
433.75	9.934488e-5
434.375	9.189027e-5
435	0.0001098229
435.625	0.0001081031
436.25	0.0001128755
436.875	0.0001217684
437.5	0.0001184529
438.125	0.0001170244
438.75	0.0001124889
439.375	0.0001185708
440	0.0001102029
440.625	0.0001036396
441.25	0.0001105994
441.875	0.0001081924
442.5	0.0001117808
443.125	0.0001037082
443.75	0.0001090046
444.375	0.0001192819
445	0.0001235586
445.625	0.0001313861
446.25	0.0001284776
446.875	0.00013249
447.5	0.0001240782
448.125	0.0001154523
448.75	0.0001221779
449.375	0.0001174107
450	0.0001206958
450.625	0.0001069644
451.25	9.82711e-5
451.875	0.0001058343
452.5	0.0001078539
453.125	0.0001119409
453.75	0.0001157006
454.375	0.0001252341
455	0.0001194907
455.625	0.0001185917
456.25	0.0001306986
456.875	0.0001200722
457.5	0.000123515
458.125	0.0001211943
458.75	0.0001066418
459.375	0.0001031275
460	9.858538e-5
460.625	9.474845e-5
461.25	8.52157e-5
461.875	9.20543e-5
462.5	9.934549e-5
463.125	9.438225e-5
463.75	0.0001000854
464.375	0.0001024169
465	0.0001032444
465.625	0.0001056258
466.25	0.0001078708
466.875	0.0001102785
467.5	9.975333e-5
468.125	9.24344e-5
468.75	9.061913e-5
469.375	9.536223e-5
470	9.965141e-5
470.625	0.0001006998
471.25	0.000105499
471.875	0.000109242
472.5	0.0001100993
473.125	0.0001272992
473.75	0.000139899
474.375	0.0001388353
475	0.00014714
475.625	0.0001478304
476.25	0.000142295
476.875	0.0001438463
477.5	0.0001494719
478.125	0.0001415877
478.75	0.0001363982
479.375	0.0001434006
480	0.0001389971
480.625	0.0001383003
481.25	0.0001441239
481.875	0.0001432394
482.5	0.0001515657
483.125	0.0001543685
483.75	0.0001535955
484.375	0.0001494854
485	0.0001485567
485.625	0.0001447907
486.25	0.0001338786
486.875	0.0001376993
487.5	0.0001343468
488.125	0.0001196469
488.75	0.0001090164
489.375	9.923397e-5
490	0.0001049651
490.625	0.000104051
491.25	0.0001033422
491.875	0.0001030182
492.5	9.908931e-5
493.125	9.937619e-5
493.75	9.508651e-5
494.375	0.0001050816
495	0.0001048798
495.625	8.970729e-5
496.25	9.168006e-5
496.875	8.51368e-5
497.5	8.510672e-5
498.125	9.273393e-5
498.75	0.0001001425
499.375	0.0001040065
500	0.0001071165
500.625	0.000121594
501.25	0.0001203874
501.875	0.0001248549
502.5	0.000136708
503.125	0.0001320677
503.75	0.0001327491
504.375	0.0001361278
505	0.0001320186
505.625	0.000122648
506.25	0.0001212623
506.875	0.0001292461
507.5	0.0001252156
508.125	0.0001260621
508.75	0.0001259478
509.375	0.0001218811
510	0.0001215914
510.625	0.0001213745
511.25	0.0001269581
511.875	0.00012479
512.5	0.0001102088
513.125	9.919093e-5
513.75	9.572439e-5
514.375	9.150396e-5
515	8.780746e-5
515.625	8.889827e-5
516.25	8.586983e-5
516.875	7.478553e-5
517.5	8.03946e-5
518.125	8.984976e-5
518.75	8.289686e-5
519.375	8.741515e-5
520	8.812837e-5
520.625	8.00979e-5
521.25	7.67064e-5
521.875	7.626109e-5
522.5	7.600148e-5
523.125	6.811991e-5
523.75	7.432087e-5
524.375	7.735366e-5
525	7.321034e-5
525.625	8.129027e-5
526.25	7.761729e-5
526.875	8.428989e-5
527.5	9.130788e-5
528.125	8.884902e-5
528.75	8.451375e-5
529.375	7.138796e-5
530	7.143394e-5
530.625	6.512367e-5
531.25	6.708423e-5
531.875	7.154532e-5
532.5	6.465612e-5
533.125	6.883166e-5
533.75	6.874179e-5
534.375	7.612714e-5
535	8.969422e-5
535.625	8.788258e-5
536.25	8.550516e-5
536.875	8.105629e-5
537.5	8.696323e-5
538.125	8.050948e-5
538.75	7.980858e-5
539.375	8.71127e-5
540	7.892428e-5
540.625	7.7258e-5
541.25	8.451856e-5
541.875	8.833771e-5
542.5	9.180801e-5
543.125	0.0001005169
543.75	0.0001072718
544.375	0.0001067419
545	0.0001105608
545.625	0.0001068909
546.25	9.682658e-5
546.875	0.0001000659
547.5	9.547114e-5
548.125	8.645467e-5
548.75	8.522243e-5
549.375	7.82268e-5
550	6.416246e-5
550.625	6.113571e-5
551.25	6.829396e-5
551.875	7.093826e-5
552.5	6.511017e-5
553.125	6.100622e-5
553.75	5.633398e-5
554.375	5.15982e-5
555	5.321336e-5
555.625	4.815346e-5
556.25	4.528342e-5
556.875	3.672015e-5
557.5	2.991625e-5
558.125	4.439377e-5
558.75	5.568795e-5
559.375	6.801781e-5
560	7.586451e-5
560.625	8.762431e-5
561.25	0.0001032698
561.875	0.0001013821
562.5	0.0001184905
563.125	0.0001208499
563.75	0.0001178587
564.375	0.0001256114
565	0.0001226319
565.625	0.0001185601
566.25	0.0001162625
566.875	0.000123031
567.5	0.0001260698
568.125	0.0001275769
568.75	0.0001403018
569.375	0.0001322145
570	0.000134321
570.625	0.0001410859
571.25	0.0001421413
571.875	0.0001456571
572.5	0.0001425126
573.125	0.0001373423
573.75	0.0001194908
574.375	0.00010727
575	0.0001053241
575.625	9.661476e-5
576.25	9.097045e-5
576.875	7.477839e-5
577.5	7.077417e-5
578.125	7.086447e-5
578.75	6.530216e-5
579.375	7.219667e-5
580	7.673047e-5
580.625	6.931803e-5
581.25	6.295528e-5
581.875	6.329281e-5
582.5	5.950404e-5
583.125	4.841827e-5
583.75	5.25493e-5
584.375	6.084882e-5
585	5.630755e-5
585.625	6.535452e-5
586.25	8.14969e-5
586.875	8.399057e-5
587.5	9.691154e-5
588.125	0.0001120497
588.75	0.0001188737
589.375	0.0001151617
590	0.0001143482
590.625	0.0001199251
591.25	0.0001175529
591.875	0.0001232971
592.5	0.0001230184
593.125	0.0001188452
593.75	0.0001198777
594.375	0.0001171776
595	0.0001279779
595.625	0.0001369534
596.25	0.0001415227
596.875	0.0001377513
597.5	0.0001306908
598.125	0.0001321185
598.75	0.0001257984
599.375	0.0001272249
600	0.0001217186
600.625	0.0001117613
601.25	0.0001118819
601.875	9.917072e-5
602.5	9.510359e-5
603.125	9.940988e-5
603.75	9.900492e-5
604.375	9.559427e-5
605	9.795973e-5
605.625	0.000103597
606.25	9.381639e-5
606.875	9.038136e-5
607.5	9.304583e-5
608.125	8.519518e-5
608.75	8.79629e-5
609.375	8.368993e-5
610	7.823402e-5
610.625	7.632429e-5
611.25	7.766859e-5
611.875	8.814752e-5
612.5	9.621512e-5
613.125	9.92817e-5
613.75	9.751604e-5
614.375	9.310634e-5
615	0.0001001269
615.625	0.0001072855
616.25	0.0001060223
616.875	0.0001079322
617.5	0.0001061375
618.125	0.0001066183
618.75	0.0001089462
619.375	0.0001200555
620	0.0001297244
620.625	0.0001294504
621.25	0.000133522
621.875	0.0001330246
622.5	0.0001398538
623.125	0.0001460467
623.75	0.0001387376
624.375	0.0001467301
625	0.000144784
625.625	0.0001365693
626.25	0.0001359551
626.875	0.0001324837
627.5	0.000126254
628.125	0.0001249055
628.75	0.0001355737
629.375	0.0001302854
630	0.0001247314
630.625	0.0001310679
631.25	0.0001212434
631.875	0.0001208817
632.5	0.0001252713
633.125	0.0001246306
633.75	0.0001170604
634.375	0.0001014171
635	9.707915e-5
635.625	9.042719e-5
636.25	8.962716e-5
636.875	9.130519e-5
637.5	8.335517e-5
638.125	8.395098e-5
638.75	8.434555e-5
639.375	9.339775e-5
640	0.0001006955
640.625	0.0001041106
641.25	0.0001063275
641.875	0.000100039
642.5	0.0001010073
643.125	9.780065e-5
643.75	9.738837e-5
644.375	9.949994e-5
645	9.214233e-5
645.625	9.846583e-5
646.25	0.0001075942
646.875	0.0001025278
647.5	0.0001100095
648.125	0.000126596
648.75	0.0001280465
649.375	0.0001287924
650	0.0001389384
650.625	0.0001345376
651.25	0.0001204985
651.875	0.0001246092
652.5	0.000124922
653.125	0.0001189789
653.75	0.0001142106
654.375	0.0001042576
655	9.934402e-5
655.625	0.0001028028
656.25	0.0001065096
656.875	0.0001159767
657.5	0.0001185704
658.125	0.0001162675
658.75	0.0001096219
659.375	0.0001051853
660	0.0001093865
660.625	0.0001030184
661.25	9.490277e-5
661.875	8.675592e-5
662.5	8.074767e-5
663.125	8.234255e-5
663.75	7.985358e-5
664.375	8.850902e-5
665	9.394992e-5
665.625	0.0001020152
666.25	0.0001048795
666.875	0.0001028556
667.5	0.0001157515
668.125	0.0001120144
668.75	0.0001057056
669.375	0.000115024
670	0.0001073224
670.625	0.0001004895
671.25	9.535581e-5
671.875	9.937338e-5
672.5	0.0001030985
673.125	0.0001133181
673.75	0.0001231801
674.375	0.0001183278
675	0.0001260094
675.625	0.0001345301
676.25	0.0001348294
676.875	0.0001445523
677.5	0.0001441647
678.125	0.0001416063
678.75	0.0001351024
679.375	0.0001352972
680	0.0001435252
680.625	0.0001467847
681.25	0.0001530224
681.875	0.0001530997
682.5	0.0001570773
683.125	0.0001638685
683.75	0.0001684028
684.375	0.0001748635
685	0.0001796424
685.625	0.0001824376
686.25	0.0001808158
686.875	0.000176621
687.5	0.0001739823
688.125	0.0001688905
688.75	0.0001677554
689.375	0.0001652315
690	0.0001615285
690.625	0.000169544
691.25	0.000158769
691.875	0.0001516996
692.5	0.0001619535
693.125	0.000163577
693.75	0.0001557433
694.375	0.0001563176
695	0.0001541663
695.625	0.0001393009
696.25	0.0001346758
696.875	0.0001422806
697.5	0.0001387689
698.125	0.0001359311
698.75	0.0001307986
699.375	0.0001277704
700	0.0001354824
700.625	0.0001409909
701.25	0.0001468778
701.875	0.0001521856
702.5	0.0001518156
703.125	0.0001565279
703.75	0.0001562433
704.375	0.0001646258
705	0.0001700454
705.625	0.0001729651
706.25	0.0001756288
706.875	0.0001761408
707.5	0.0001858825
708.125	0.0001913243
708.75	0.0001915337
709.375	0.00020071
710	0.0002120345
710.625	0.0002180843
711.25	0.0002090715
711.875	0.0002122074
712.5	0.0002142183
713.125	0.0002050726
713.75	0.0002114025
714.375	0.0002097337
715	0.000199838
715.625	0.0001946901
716.25	0.0001853036
716.875	0.0001800191
717.5	0.0001817896
718.125	0.0001858891
718.75	0.000174472
719.375	0.0001683579
720	0.0001640047
720.625	0.0001570417
721.25	0.0001557293
721.875	0.0001497834
722.5	0.000139266
723.125	0.000130997
723.75	0.0001194993
724.375	0.0001158524
725	0.0001176098
725.625	0.0001202191
726.25	0.0001251928
726.875	0.0001275583
727.5	0.0001373228
728.125	0.0001431031
728.75	0.0001438278
729.375	0.0001519222
730	0.0001558167
730.625	0.0001599832
731.25	0.0001585714
731.875	0.0001557181
732.5	0.000153829
733.125	0.0001558743
733.75	0.0001644449
734.375	0.0001679349
735	0.0001801743
735.625	0.0001860841
736.25	0.0001781387
736.875	0.0001896863
737.5	0.0002028028
738.125	0.0001999324
738.75	0.0001977906
739.375	0.0001954589
740	0.0001838658
740.625	0.0001721346
741.25	0.0001692819
741.875	0.0001647503
742.5	0.0001601156
743.125	0.0001601913
743.75	0.0001503938
744.375	0.0001536549
745	0.0001563032
745.625	0.0001594936
746.25	0.0001583857
746.875	0.0001524309
747.5	0.0001534927
748.125	0.0001484472
748.75	0.0001368724
749.375	0.0001283286
750	0.0001239611
750.625	0.0001224398
751.25	0.0001124772
751.875	0.0001130763
752.5	0.0001186007
753.125	0.0001182172
753.75	0.0001211603
754.375	0.0001350791
755	0.000148728
755.625	0.0001433588
756.25	0.0001421492
756.875	0.0001458197
757.5	0.0001368908
758.125	0.0001418819
758.75	0.0001477282
759.375	0.000139421
760	0.0001358418
760.625	0.0001377957
761.25	0.0001373936
761.875	0.0001416468
762.5	0.0001532927
763.125	0.0001555207
763.75	0.0001533296
764.375	0.0001567551
765	0.0001540627
765.625	0.0001585486
766.25	0.000158236
766.875	0.0001513574
767.5	0.0001512937
768.125	0.0001457908
768.75	0.0001396074
769.375	0.0001356699
770	0.0001335142
770.625	0.0001331965
771.25	0.0001337917
771.875	0.0001384531
772.5	0.0001394429
773.125	0.0001404072
773.75	0.0001387357
774.375	0.0001348724
775	0.0001384738
775.625	0.0001421848
776.25	0.0001338004
776.875	0.0001232635
777.5	0.0001191045
778.125	0.0001140332
778.75	0.0001027925
779.375	0.0001063644
780	0.0001079975
780.625	9.489228e-5
781.25	9.162947e-5
781.875	9.224374e-5
782.5	9.082144e-5
783.125	9.543172e-5
783.75	9.511621e-5
784.375	8.487964e-5
785	7.980445e-5
785.625	7.898008e-5
786.25	6.883336e-5
786.875	6.230302e-5
787.5	6.317296e-5
788.125	5.902004e-5
788.75	5.564627e-5
789.375	5.464341e-5
790	5.721028e-5
790.625	6.472861e-5
791.25	6.099828e-5
791.875	6.321918e-5
792.5	7.301188e-5
793.125	7.203579e-5
793.75	6.329355e-5
794.375	6.216664e-5
795	6.585357e-5
795.625	6.529973e-5
796.25	6.28319e-5
796.875	7.042869e-5
797.5	6.623383e-5
798.125	6.370377e-5
798.75	6.891524e-5
799.375	7.78514e-5
800	7.913492e-5
800.625	8.260514e-5
801.25	8.370913e-5
801.875	7.416014e-5
802.5	7.579118e-5
803.125	7.951781e-5
803.75	7.349153e-5
804.375	7.594837e-5
805	6.983971e-5
805.625	6.123509e-5
806.25	6.121876e-5
806.875	6.250825e-5
807.5	6.216508e-5
808.125	6.527005e-5
808.75	6.802697e-5
809.375	6.647363e-5
810	6.844199e-5
810.625	6.847936e-5
811.25	6.783586e-5
811.875	6.826193e-5
812.5	6.024633e-5
813.125	6.352734e-5
813.75	6.218792e-5
814.375	5.580606e-5
815	5.359255e-5
815.625	4.783699e-5
816.25	3.877771e-5
816.875	3.50571e-5
817.5	3.943995e-5
818.125	3.898417e-5
818.75	3.968997e-5
819.375	4.135746e-5
820	3.617823e-5
820.625	3.666012e-5
821.25	4.604014e-5
821.875	5.046912e-5
822.5	4.470601e-5
823.125	4.460432e-5
823.75	4.056832e-5
824.375	2.853641e-5
825	3.217215e-5
825.625	2.321635e-5
826.25	1.787972e-5
826.875	2.044263e-5
827.5	1.202445e-5
828.125	1.176444e-5
828.75	2.036195e-5
829.375	2.621015e-5
830	2.335759e-5
830.625	2.605948e-5
831.25	3.191815e-5
831.875	2.763341e-5
832.5	2.42288e-5
833.125	1.973332e-5
833.75	1.680348e-5
834.375	1.967803e-5
835	2.004692e-5
835.625	2.150024e-5
836.25	2.925197e-5
836.875	3.410173e-5
837.5	4.153236e-5
838.125	5.482141e-5
838.75	6.416113e-5
839.375	6.483585e-5
840	6.379891e-5
840.625	6.927258e-5
841.25	7.018448e-5
841.875	7.133508e-5
842.5	7.872398e-5
843.125	7.732985e-5
843.75	7.223423e-5
844.375	7.243224e-5
845	7.774199e-5
845.625	8.029753e-5
846.25	8.757835e-5
846.875	9.576749e-5
847.5	9.183097e-5
848.125	9.85739e-5
848.75	0.0001061949
849.375	0.0001046041
850	0.0001089586
850.625	0.0001093356
851.25	0.0001075624
851.875	0.0001039554
852.5	9.937482e-5
853.125	9.57232e-5
853.75	9.031505e-5
854.375	8.194256e-5
855	7.538735e-5
855.625	7.828389e-5
856.25	7.478788e-5
856.875	6.946603e-5
857.5	7.082539e-5
858.125	6.486605e-5
858.75	6.40121e-5
859.375	6.976261e-5
860	6.535517e-5
860.625	5.914584e-5
861.25	5.18158e-5
861.875	4.406683e-5
862.5	3.658123e-5
863.125	3.452487e-5
863.75	3.594311e-5
864.375	3.070709e-5
865	3.004159e-5
865.625	4.224131e-5
866.25	5.784773e-5
866.875	6.624762e-5
867.5	6.826625e-5
868.125	7.608611e-5
868.75	7.867123e-5
869.375	8.278076e-5
870	8.988745e-5
870.625	8.536183e-5
871.25	9.254831e-5
871.875	9.736869e-5
872.5	9.636168e-5
873.125	0.0001033381
873.75	0.0001105193
874.375	0.0001152334
875	0.0001186338
875.625	0.0001253024
876.25	0.0001329097
876.875	0.0001374161
877.5	0.0001351167
878.125	0.0001279456
878.75	0.0001307439
879.375	0.0001275242
880	0.0001219518
880.625	0.0001237629
881.25	0.0001144085
881.875	0.0001043169
882.5	0.0001018963
883.125	0.0001007471
883.75	0.0001006266
884.375	0.0001019774
885	0.0001000299
885.625	8.848416e-5
886.25	8.704267e-5
886.875	8.937045e-5
887.5	8.078104e-5
888.125	7.511587e-5
888.75	7.191808e-5
889.375	6.186397e-5
890	5.244579e-5
890.625	5.397004e-5
891.25	5.867628e-5
891.875	5.279601e-5
892.5	5.611865e-5
893.125	6.364877e-5
893.75	6.57493e-5
894.375	6.798183e-5
895	6.610531e-5
895.625	6.97912e-5
896.25	7.339592e-5
896.875	7.16553e-5
897.5	7.352336e-5
898.125	7.493464e-5
898.75	7.272399e-5
899.375	7.237029e-5
900	8.21923e-5
900.625	9.338489e-5
901.25	9.148195e-5
901.875	9.879658e-5
902.5	9.886853e-5
903.125	9.730328e-5
903.75	0.0001063266
904.375	0.0001066382
905	0.0001024983
905.625	9.901389e-5
906.25	9.602695e-5
906.875	9.152812e-5
907.5	9.273954e-5
908.125	9.795231e-5
908.75	9.125148e-5
909.375	9.180194e-5
910	9.474514e-5
910.625	9.348721e-5
911.25	9.68227e-5
911.875	0.0001020287
912.5	0.0001030294
913.125	9.808623e-5
913.75	0.0001001883
914.375	9.947833e-5
915	9.239434e-5
915.625	8.967473e-5
916.25	8.118858e-5
916.875	7.931564e-5
917.5	7.958492e-5
918.125	7.682562e-5
918.75	7.792548e-5
919.375	7.594386e-5
920	7.797749e-5
920.625	8.201032e-5
921.25	8.851435e-5
921.875	9.037356e-5
922.5	8.863954e-5
923.125	9.097008e-5
923.75	7.980816e-5
924.375	7.962081e-5
925	8.611441e-5
925.625	7.442814e-5
926.25	7.197851e-5
926.875	6.7031e-5
927.5	5.892814e-5
928.125	5.10171e-5
928.75	5.516179e-5
929.375	5.800388e-5
930	5.038105e-5
930.625	5.407282e-5
931.25	5.650229e-5
931.875	5.546111e-5
932.5	6.045297e-5
933.125	5.222184e-5
933.75	5.138538e-5
934.375	4.788326e-5
935	4.318395e-5
935.625	3.443144e-5
936.25	2.980751e-5
936.875	2.97713e-5
937.5	2.460712e-5
938.125	3.164402e-5
938.75	4.370011e-5
939.375	4.59123e-5
940	5.095981e-5
940.625	5.422831e-5
941.25	6.046214e-5
941.875	6.902418e-5
942.5	7.154748e-5
943.125	7.100259e-5
943.75	7.128358e-5
944.375	7.025585e-5
945	6.425037e-5
945.625	6.750756e-5
946.25	7.433027e-5
946.875	6.765709e-5
947.5	7.100781e-5
948.125	7.867235e-5
948.75	8.108679e-5
949.375	9.017663e-5
950	0.0001014054
950.625	0.0001025001
951.25	0.0001021078
951.875	0.000109119
952.5	0.0001072318
953.125	0.0001035345
953.75	0.0001055461
954.375	9.828936e-5
955	9.315047e-5
955.625	9.146221e-5
956.25	8.992045e-5
956.875	8.77641e-5
957.5	8.441299e-5
958.125	8.485421e-5
958.75	8.643139e-5
959.375	8.996065e-5
960	9.111784e-5
960.625	9.2478e-5
961.25	9.346878e-5
961.875	8.528348e-5
962.5	8.423372e-5
963.125	8.325432e-5
963.75	7.664268e-5
964.375	6.94886e-5
965	6.248194e-5
965.625	5.405643e-5
966.25	5.216568e-5
966.875	5.799956e-5
967.5	6.097609e-5
968.125	5.664876e-5
968.75	6.141307e-5
969.375	6.518485e-5
970	6.370844e-5
970.625	6.940871e-5
971.25	6.981144e-5
971.875	6.406968e-5
972.5	6.649129e-5
973.125	6.881911e-5
973.75	6.741997e-5
974.375	7.250717e-5
975	7.881501e-5
975.625	7.902948e-5
976.25	8.217089e-5
976.875	9.468712e-5
977.5	9.555613e-5
978.125	9.333327e-5
978.75	9.761215e-5
979.375	9.987987e-5
980	0.0001034839
980.625	0.0001013633
981.25	0.0001006646
981.875	9.921921e-5
982.5	9.819603e-5
983.125	9.647328e-5
983.75	0.0001020963
984.375	0.0001081018
985	0.0001053138
985.625	0.0001057434
986.25	0.000111937
986.875	0.0001104114
987.5	0.0001151935
988.125	0.000115425
988.75	0.0001117655
989.375	0.0001049493
990	0.0001079323
990.625	0.0001075112
991.25	0.0001013305
991.875	0.0001065761
992.5	0.0001052367
993.125	9.735949e-5
993.75	0.0001027296
994.375	0.0001076918
995	0.0001045368
995.625	0.0001016455
996.25	0.0001066372
996.875	0.0001047524
997.5	0.0001011408
998.125	0.0001033541
998.75	9.707548e-5
999.375	9.378989e-5
1000	9.167122e-5
