Source File Name:	1,1,4
Signal:	FFT - Vib Velocity - Mag. & Phase

Frequency	Magnitude	Phase
[ Hz ]	[ m/s ]	[ ° ]
20	0.003492257	-123.8414
20.5	0.002216147	-138.2595
21	0.0008160124	-89.18716
21.5	0.001104379	-148.5694
22	0.001255701	-112.5917
22.5	0.0003263646	-120.8982
23	0.0008176832	44.15135
23.5	0.0005232528	29.68259
24	0.0009729762	25.84505
24.5	0.0009855175	13.62705
25	0.001627867	46.3231
25.5	0.001264605	41.74512
26	0.001601482	43.6712
26.5	0.001565347	51.5815
27	0.00165039	43.94358
27.5	0.001922242	48.97022
28	0.002095637	34.13826
28.5	0.002187154	24.37631
29	0.002286793	30.71164
29.5	0.002360747	22.57645
30	0.002273621	19.81199
30.5	0.002399607	7.351262
31	0.002185501	17.83094
31.5	0.002121414	15.11216
32	0.00217857	25.15068
32.5	0.002126673	25.35056
33	0.002195591	37.7849
33.5	0.002324451	81.54836
34	0.00209236	32.7261
34.5	0.002036574	33.76926
35	0.001947527	39.40265
35.5	0.001909978	48.14481
36	0.001954021	35.59182
36.5	0.001941743	45.84397
37	0.00200968	48.34838
37.5	0.00181198	38.4627
38	0.001772499	42.69108
38.5	0.00187721	47.1172
39	0.002050583	47.56778
39.5	0.002090873	52.39607
40	0.002188409	53.2478
40.5	0.002441758	65.86829
41	0.002487193	61.71296
41.5	0.002570887	60.94535
42	0.002648188	69.65442
42.5	0.002800549	76.5423
43	0.003010478	75.93463
43.5	0.003161578	71.55705
44	0.003231538	70.40872
44.5	0.003445826	71.5746
45	0.003453087	61.70166
45.5	0.003462418	79.60423
46	0.003708925	71.72554
46.5	0.003816899	72.52862
47	0.003899642	63.3819
47.5	0.003988938	75.19046
48	0.004179169	59.93375
48.5	0.004247149	49.00731
49	0.004334883	32.52859
49.5	0.004488858	-9.911489
50	0.004786046	-114.5999
50.5	0.004808467	40.39092
51	0.004991236	35.5526
51.5	0.005176117	39.31959
52	0.005320127	35.71848
52.5	0.005445592	66.00843
53	0.005606257	72.2561
53.5	0.005782888	77.80956
54	0.006062159	67.97591
54.5	0.006388267	63.0354
55	0.006510808	57.41264
55.5	0.006660238	59.49602
56	0.006755348	55.38895
56.5	0.007065288	58.9196
57	0.007355939	57.80346
57.5	0.007505293	63.12009
58	0.007748266	72.55022
58.5	0.007981073	67.30476
59	0.008313783	65.07549
59.5	0.008410047	66.61583
60	0.008713556	53.79963
60.5	0.008980115	64.17906
61	0.0093941	59.90498
61.5	0.009632736	56.93765
62	0.01002067	63.29648
62.5	0.01036146	42.037
63	0.01070071	49.75675
63.5	0.0110873	64.11938
64	0.01140207	36.10524
64.5	0.0117476	39.91819
65	0.01226428	24.00622
65.5	0.01268133	31.65621
66	0.01303796	30.46958
66.5	0.01359516	36.08714
67	0.01408414	23.93892
67.5	0.01476012	30.92425
68	0.01539331	20.24271
68.5	0.01599165	27.51622
69	0.01663729	24.69605
69.5	0.01725977	25.79066
70	0.01804357	20.23272
70.5	0.01872399	18.22782
71	0.01949295	19.35628
71.5	0.02030293	19.8398
72	0.02107642	16.27619
72.5	0.02192799	14.13198
73	0.02283967	16.1884
73.5	0.02376292	11.3143
74	0.02468529	12.24196
74.5	0.02563091	4.235964
75	0.02649997	3.631927
75.5	0.02732353	0.6309388
76	0.02818283	-4.822246
76.5	0.02905515	-9.12817
77	0.02985567	-15.20929
77.5	0.03056475	-21.49105
78	0.03119236	-18.85509
78.5	0.03170978	-32.54322
79	0.03208824	-25.96706
79.5	0.03221855	-40.06469
80	0.03225495	-48.70052
80.5	0.03201627	-65.63989
81	0.03156837	-62.8409
81.5	0.0308427	-73.51914
82	0.02982196	-70.14783
82.5	0.02862578	-79.14943
83	0.02730378	-80.15519
83.5	0.02584832	-92.17963
84	0.02443933	-87.59331
84.5	0.02311105	-93.80109
85	0.02182317	-103.1096
85.5	0.02051263	-103.8414
86	0.01932246	-112.3401
86.5	0.01820288	-111.7478
87	0.01704044	-116.8078
87.5	0.01576013	-129.4166
88	0.01442153	-131.6459
88.5	0.0130322	-145.335
89	0.01167338	-151.0058
89.5	0.01005999	-165.7148
90	0.008396134	-156.8056
90.5	0.006742814	-174.6113
91	0.005167582	-168.6192
91.5	0.003668308	-178.6975
92	0.002253493	174.3063
92.5	0.0009892979	173.2039
93	0.000110364	-38.88311
93.5	0.001024455	-21.67583
94	0.001861338	-18.50424
94.5	0.002596761	-19.87733
95	0.003255366	-18.46583
95.5	0.003857787	-23.37109
96	0.004361184	-30.36375
96.5	0.004843311	-22.09477
97	0.005275705	-29.00364
97.5	0.005735751	-37.75888
98	0.006051166	-30.8317
98.5	0.006445223	-31.2137
99	0.0067674	-22.68634
99.5	0.006982191	-53.01781
100	0.007236	61.75449
100.5	0.007502964	-44.72061
101	0.007710495	-30.81745
101.5	0.007987422	-53.83944
102	0.00823013	-33.99417
102.5	0.00844395	-32.26591
103	0.008783335	-38.40902
103.5	0.009111254	-37.52811
104	0.009427426	-50.19881
104.5	0.009672055	-43.64955
105	0.009996931	-35.06368
105.5	0.0103706	-44.84501
106	0.0106418	-54.76218
106.5	0.01084107	-60.71717
107	0.01113664	-61.45195
107.5	0.01151974	-55.4779
108	0.01179928	-55.23429
108.5	0.01223798	-54.11738
109	0.0125091	-65.23173
109.5	0.012778	-70.51307
110	0.013048	-48.5893
110.5	0.01331807	-63.19825
111	0.01371203	-49.17952
111.5	0.01401431	-60.89075
112	0.01434977	-62.20846
112.5	0.01474281	-55.61899
113	0.01504873	-54.1951
113.5	0.01523148	-48.04009
114	0.0155128	-61.14704
114.5	0.01582312	-62.39347
115	0.01620869	-65.03247
115.5	0.01643441	-68.25186
116	0.01671221	-81.04881
116.5	0.01701498	-77.59004
117	0.01719159	-87.98919
117.5	0.01729444	-85.6309
118	0.01748419	-84.27876
118.5	0.01766655	-88.625
119	0.01781854	-92.61311
119.5	0.01795327	-98.8824
120	0.01797286	-72.34188
120.5	0.01804416	-70.77824
121	0.01806591	-70.24655
121.5	0.01800701	-75.45419
122	0.01792748	-87.736
122.5	0.01781499	-80.71874
123	0.01784185	-85.65999
123.5	0.0177278	-101.3088
124	0.01754484	-103.6316
124.5	0.017316	-106.9368
125	0.01710125	-101.7457
125.5	0.01692309	-94.14925
126	0.01677714	-89.20647
126.5	0.01668948	-113.5083
127	0.01664809	-128.1233
127.5	0.01651073	-134.6709
128	0.01648333	-85.41465
128.5	0.01635137	-98.85799
129	0.0162183	-126.2737
129.5	0.01621633	-109.0793
130	0.01625288	-120.6009
130.5	0.01615255	-102.8389
131	0.01610364	-100.6112
131.5	0.0161607	-120.7832
132	0.01619507	-99.63891
132.5	0.01611549	-117.1896
133	0.01596151	-110.9979
133.5	0.01591226	-125.9995
134	0.01597259	-125.9499
134.5	0.01581183	-129.8723
135	0.01572861	-123.8992
135.5	0.0157031	-129.132
136	0.01553977	-115.3827
136.5	0.01528468	-124.5026
137	0.01522889	-104.9131
137.5	0.01524826	-158.4416
138	0.01513674	-139.9566
138.5	0.01497098	-148.6005
139	0.0149536	-148.7873
139.5	0.01489632	-152.3331
140	0.01483817	-154.95
140.5	0.01479554	-128.6875
141	0.01472046	-127.3305
141.5	0.01463177	-126.5926
142	0.01465791	-121.2451
142.5	0.01466387	-160.7475
143	0.0146573	-155.8155
143.5	0.01458965	-162.9229
144	0.01454456	-169.0014
144.5	0.01456242	174.8301
145	0.0145978	145.4087
145.5	0.01455935	-173.6123
146	0.01456995	-114.5759
146.5	0.01455197	-117.367
147	0.01453275	-113.1483
147.5	0.01453424	-133.5452
148	0.01462886	-165.4876
148.5	0.01461111	171.258
149	0.01451898	137.4226
149.5	0.01455657	113.6867
150	0.01459507	50.78343
150.5	0.01459699	-174.7691
151	0.01458555	157.604
151.5	0.01448265	131.1017
152	0.01441087	122.9771
152.5	0.01440754	86.12295
153	0.01438763	92.30757
153.5	0.0142208	-171.8829
154	0.01415016	-172.0987
154.5	0.01410522	-166.0318
155	0.01395977	171.8303
155.5	0.01378923	151.1689
156	0.0136847	133.4974
156.5	0.01354626	127.5336
157	0.01345061	127.3117
157.5	0.01329595	140.1493
158	0.01320042	129.8225
158.5	0.01312919	157.5972
159	0.01300086	-156.5242
159.5	0.01285454	-179.1097
160	0.01278903	130.1973
160.5	0.01271523	152.6631
161	0.0124872	117.8347
161.5	0.01236857	122.6161
162	0.01228601	136.095
162.5	0.01222526	104.1906
163	0.01212955	105.278
163.5	0.01195988	134.144
164	0.01185362	158.2045
164.5	0.01173105	123.9099
165	0.01165507	138.7506
165.5	0.01155391	98.92257
166	0.01137893	120.0615
166.5	0.01119006	114.7753
167	0.01107537	114.0556
167.5	0.01095906	85.98089
168	0.01085704	115.4708
168.5	0.01071074	105.208
169	0.01058885	111.1447
169.5	0.01045262	104.6404
170	0.01031235	141.6422
170.5	0.01022963	126.688
171	0.01009966	117.9696
171.5	0.009905622	119.8542
172	0.009812597	109.6923
172.5	0.009704488	112.602
173	0.009589896	85.39349
173.5	0.009508152	95.59246
174	0.00925823	87.18452
174.5	0.009083262	92.97126
175	0.008997444	77.65774
175.5	0.008861873	75.87524
176	0.00874312	60.58302
176.5	0.008597951	57.16525
177	0.008505762	47.57169
177.5	0.008443949	49.52587
178	0.008320544	76.93921
178.5	0.008217281	100.5981
179	0.008170692	64.67045
179.5	0.008068532	99.75806
180	0.007936706	136.6851
180.5	0.007773453	96.3208
181	0.007750134	56.11267
181.5	0.0076987	47.53055
182	0.007598724	50.70037
182.5	0.007519065	35.53922
183	0.007522227	47.80788
183.5	0.007468186	26.80333
184	0.007339913	61.84893
184.5	0.007284722	54.46782
185	0.007177351	57.26163
185.5	0.007137236	53.86876
186	0.007078669	63.59768
186.5	0.007011477	77.86398
187	0.006929029	18.66151
187.5	0.006813993	22.19559
188	0.006784191	13.56324
188.5	0.006781263	5.472262
189	0.006697775	1.362975
189.5	0.006652511	64.10921
190	0.006637772	70.95447
190.5	0.006573141	21.19502
191	0.006511798	71.31665
191.5	0.006370999	61.52548
192	0.006406589	50.38532
192.5	0.006437743	134.8357
193	0.006370307	-80.34649
193.5	0.006277298	-8.991593
194	0.006359686	74.61834
194.5	0.006390343	49.34084
195	0.006307741	40.79487
195.5	0.006269565	63.53165
196	0.006286129	34.00167
196.5	0.006346608	18.54295
197	0.00631214	44.12762
197.5	0.006292656	33.99251
198	0.006296027	61.66087
198.5	0.006319615	-7.755821
199	0.006368903	-12.33865
199.5	0.006408464	-142.1679
200	0.006390391	-5.878983
200.5	0.006378047	-1.904742
201	0.006447479	69.94039
201.5	0.006463072	-31.25317
202	0.006483655	43.86321
202.5	0.006470162	35.17019
203	0.006573854	-99.05127
203.5	0.006656011	-59.58352
204	0.006639758	1.631495
204.5	0.006654636	20.529
205	0.006796046	51.98896
205.5	0.006803545	52.53656
206	0.006745751	165.6471
206.5	0.006704812	59.78197
207	0.006784588	72.51031
207.5	0.006902333	26.7754
208	0.006944248	-39.96581
208.5	0.006996682	-36.23442
209	0.007080099	-2.482862
209.5	0.007172546	35.1431
210	0.007205902	-41.26844
210.5	0.007198405	90.17103
211	0.007226319	51.1319
211.5	0.007268975	13.79618
212	0.007387765	26.68632
212.5	0.0074442	8.780005
213	0.007498668	19.07204
213.5	0.007508934	-39.86094
214	0.007547577	-26.62855
214.5	0.007630662	35.78251
215	0.007671591	61.75518
215.5	0.00769654	21.94238
216	0.007754917	65.04727
216.5	0.007809995	33.44122
217	0.00782924	-58.99146
217.5	0.007717357	-82.63502
218	0.007779169	140.1581
218.5	0.007892813	151.4057
219	0.007898544	-101.1414
219.5	0.007894465	168.4732
220	0.0078897	31.63981
220.5	0.007957018	81.14568
221	0.007958193	38.63981
221.5	0.00779051	18.59211
222	0.00768747	-16.0553
222.5	0.007709153	79.93481
223	0.007802244	-39.16049
223.5	0.007747644	-6.580612
224	0.007692136	-36.43659
224.5	0.007662956	-42.08192
225	0.00760168	-61.25462
225.5	0.007551678	4.358898
226	0.007537912	1.23589
226.5	0.007468397	-40.52427
227	0.007415887	-31.27658
227.5	0.007324392	-72.65717
228	0.007192273	-20.097
228.5	0.007141673	-21.1269
229	0.007119172	0.6431305
229.5	0.007065813	83.47589
230	0.007017417	-12.52166
230.5	0.006893226	47.44991
231	0.006759702	37.99135
231.5	0.006734963	45.02658
232	0.006680169	-42.35461
232.5	0.006516422	-31.72556
233	0.006420805	-46.20393
233.5	0.006375458	29.05271
234	0.006336103	18.35926
234.5	0.006206362	2.958821
235	0.006135155	-68.41775
235.5	0.006098913	-133.3549
236	0.006055914	16.50052
236.5	0.005994394	-10.28601
237	0.005928528	-83.23484
237.5	0.005826084	-47.67273
238	0.005682263	-23.74361
238.5	0.005568489	-67.32125
239	0.005539466	-83.07216
239.5	0.005514458	-56.4364
240	0.005399549	-54.09697
240.5	0.005296672	-8.061072
241	0.005233137	-28.55893
241.5	0.005134897	0.08575448
242	0.005023006	-46.55056
242.5	0.004939146	14.55206
243	0.004927216	-80.62993
243.5	0.004890213	-108.7675
244	0.004763731	-44.64435
244.5	0.004612271	9.593371
245	0.004533028	-121.7329
245.5	0.004400439	-135.4662
246	0.004325174	-71.45541
246.5	0.004239299	-50.95893
247	0.004201955	151.9857
247.5	0.004137633	-31.99851
248	0.003987054	-112.2997
248.5	0.003866801	-62.40835
249	0.003820744	-70.87625
249.5	0.003804682	-79.12645
250	0.003752923	-93.98666
250.5	0.003670344	65.13435
251	0.00362422	-51.74915
251.5	0.003631445	-56.45157
252	0.003581949	-73.86367
252.5	0.003497198	-63.58842
253	0.003415335	-80.48453
253.5	0.00334336	-83.9286
254	0.003364364	-103.5454
254.5	0.003361524	82.46796
255	0.003333651	-106.1845
255.5	0.003282123	136.2869
256	0.003240763	-65.32909
256.5	0.00320671	-129.904
257	0.003133338	-125.9846
257.5	0.003012891	-100.1805
258	0.002990112	-127.7214
258.5	0.002978027	-93.48225
259	0.002999481	-100.406
259.5	0.003004325	-96.06869
260	0.003019419	175.4091
260.5	0.002998834	167.8965
261	0.002995832	-43.27556
261.5	0.002992497	-75.75697
262	0.003038003	-102.1209
262.5	0.003042667	-130.2735
263	0.002955782	177.2008
263.5	0.002923491	-84.13535
264	0.002941875	-91.3652
264.5	0.002916693	-31.78837
265	0.002927936	-166.2914
265.5	0.0029666	-126.7122
266	0.002948859	-121.9656
266.5	0.002915592	-102.7218
267	0.002905821	1.377469
267.5	0.002920722	178.6501
268	0.002895121	-122.1811
268.5	0.002829003	-61.29775
269	0.002850414	-131.1128
269.5	0.002857811	128.4659
270	0.002857202	-113.8738
270.5	0.002798596	-162.7033
271	0.002783947	-67.52745
271.5	0.002794005	-71.00551
272	0.002855514	-89.40514
272.5	0.002822925	-120.8502
273	0.002755836	-142.3853
273.5	0.002797751	-153.3593
274	0.002787128	-162.1213
274.5	0.002725878	-153.3002
275	0.002694448	125.1046
275.5	0.002634406	162.4932
276	0.002651616	179.5072
276.5	0.002682831	-148.0225
277	0.002690089	-153.7686
277.5	0.002706465	175.9119
278	0.002675602	-173.2935
278.5	0.002639313	169.3683
279	0.002592647	146.4668
279.5	0.002481534	-169.9176
280	0.002450241	-179.2391
280.5	0.002416599	-133.1044
281	0.002444342	177.6506
281.5	0.002429206	146.0286
282	0.002349628	156.5613
282.5	0.002341704	-153.4367
283	0.002378932	-159.6982
283.5	0.002297498	156.324
284	0.002248126	-179.1405
284.5	0.002255737	166.8044
285	0.00224011	143.3785
285.5	0.002157801	127.1103
286	0.002053694	139.5221
286.5	0.002085035	-89.69112
287	0.002181897	-153.1746
287.5	0.002182273	127.7514
288	0.002127047	143.978
288.5	0.002115186	98.88495
289	0.002062793	165.782
289.5	0.001984074	128.4794
290	0.001942367	101.3873
290.5	0.001937476	140.6999
291	0.001992414	122.4459
291.5	0.00196435	135.0572
292	0.001960358	179.5084
292.5	0.001937411	161.8799
293	0.001836483	120.261
293.5	0.001794283	147.8163
294	0.001850972	110.0067
294.5	0.001822135	152.1545
295	0.001756528	154.8388
295.5	0.001736495	123.969
296	0.001717903	155.0062
296.5	0.001654135	-134.4338
297	0.001568312	132.1284
297.5	0.001616662	-159.1434
298	0.001635712	178.7037
298.5	0.001634618	122.4464
299	0.001649561	159.5409
299.5	0.001589514	-174.9865
300	0.001578084	21.00365
300.5	0.001547252	28.75587
301	0.001567178	131.2204
301.5	0.001603519	2.424638
302	0.001598632	61.12736
302.5	0.001594506	35.55322
303	0.001624382	-99.09203
303.5	0.001605847	-101.3252
304	0.001522067	88.59068
304.5	0.001462525	92.79682
305	0.001481401	94.19387
305.5	0.001464656	77.07056
306	0.001409503	-161.7572
306.5	0.001364601	-60.83802
307	0.00144694	25.58631
307.5	0.001502194	169.0604
308	0.001414753	74.69776
308.5	0.001376237	143.6009
309	0.001446217	90.72131
309.5	0.001482874	143.4773
310	0.001402621	108.7595
310.5	0.001353025	103.2333
311	0.001415213	1.724928
311.5	0.001445147	0.3354386
312	0.001385581	77.83209
312.5	0.001347571	-115.1288
313	0.001408121	151.2753
313.5	0.001422386	121.5168
314	0.001398415	50.74378
314.5	0.001357385	117.1062
315	0.00129696	110.7308
315.5	0.001235551	-23.12309
316	0.001279517	-81.3475
316.5	0.001288671	-95.92791
317	0.001293303	-82.12012
317.5	0.001325183	38.29809
318	0.001386458	-149.1152
318.5	0.001374697	-1.372244
319	0.001305072	125.1051
319.5	0.00133168	-135.0634
320	0.001348025	-142.046
320.5	0.001350106	55.17002
321	0.001291309	-172.6395
321.5	0.001271386	-35.62925
322	0.001340489	-116.9591
322.5	0.001336895	-129.3192
323	0.001289766	-154.8081
323.5	0.001260642	-74.02473
324	0.001282907	97.19476
324.5	0.001282263	41.57851
325	0.001316916	33.87897
325.5	0.001271404	57.12994
326	0.001229544	152.9512
326.5	0.001223074	10.77925
327	0.001236298	102.9317
327.5	0.001270512	-41.54455
328	0.001262021	-162.0252
328.5	0.001214604	173.1772
329	0.001234411	8.233105
329.5	0.001241186	-62.25666
330	0.001249813	178.8143
330.5	0.001228052	-169.8601
331	0.001192394	71.87349
331.5	0.001213936	4.428665
332	0.001175108	31.07809
332.5	0.001153705	-121.0083
333	0.001203517	37.70647
333.5	0.001273255	105.8577
334	0.001271534	147.1393
334.5	0.001205847	114.9038
335	0.001190518	145.5556
335.5	0.001268262	129.6019
336	0.001296368	-175.1495
336.5	0.001209136	47.53965
337	0.001206332	57.09115
337.5	0.001260787	-149.9328
338	0.001276133	-97.61129
338.5	0.001208199	-157.7598
339	0.001203523	94.45454
339.5	0.001225004	139.4341
340	0.001232023	124.9298
340.5	0.001229541	52.23602
341	0.00123452	80.7079
341.5	0.001234975	51.79765
342	0.001201174	118.6033
342.5	0.001188208	-160.8011
343	0.001181821	177.9826
343.5	0.001197753	154.8562
344	0.001233475	145.2628
344.5	0.001294755	111.608
345	0.001270011	116.5198
345.5	0.001201846	80.89357
346	0.001211082	91.70804
346.5	0.001234421	23.59405
347	0.001221325	-26.79713
347.5	0.00117514	-97.33283
348	0.001208418	-150.322
348.5	0.001234751	-147.5836
349	0.001271265	161.0572
349.5	0.001237476	130.6672
350	0.001218162	94.08959
350.5	0.001190202	-123.0244
351	0.001198972	-156.2853
351.5	0.001207615	169.6107
352	0.00118079	129.5885
352.5	0.00117878	100.1404
353	0.001162874	77.57779
353.5	0.001116996	47.95597
354	0.001188319	57.05659
354.5	0.001257138	4.786187
355	0.001245612	89.04002
355.5	0.001243477	-154.1112
356	0.00122385	-165.8644
356.5	0.001236394	163.5601
357	0.001148248	78.7318
357.5	0.001072609	77.63046
358	0.001148764	61.17033
358.5	0.001155609	127.9685
359	0.001132082	30.55383
359.5	0.001154404	54.72063
360	0.001195797	65.89465
360.5	0.001103173	-101.3834
361	0.001036264	50.37648
361.5	0.001046236	72.09851
362	0.001073737	41.4782
362.5	0.001069577	48.96463
363	0.001011786	46.20654
363.5	0.001002009	22.52851
364	0.001038738	52.82631
364.5	0.001037358	39.30222
365	0.001062164	10.4744
365.5	0.001076716	33.67135
366	0.001056099	33.76608
366.5	0.001074103	30.26135
367	0.001120471	39.84734
367.5	0.001112954	-74.78149
368	0.001044142	2.501714
368.5	0.001048609	39.42601
369	0.001084791	14.77974
369.5	0.001072434	72.36499
370	0.00106379	8.011109
370.5	0.001018193	63.9517
371	0.00100614	-32.7209
371.5	0.001034183	-36.9513
372	0.001011233	-38.10851
372.5	0.0009788726	20.02695
373	0.001005726	-20.31524
373.5	0.00102821	-28.77582
374	0.0009832793	-26.69042
374.5	0.0009837167	-35.22772
375	0.001010923	-5.421812
375.5	0.0009976559	-26.48503
376	0.000930493	19.08607
376.5	0.0009296299	-74.26297
377	0.0009699476	30.29628
377.5	0.0009591136	17.56063
378	0.0009320757	-27.45691
378.5	0.0009406035	-54.32982
379	0.0009578951	-32.88158
379.5	0.0009677184	-14.86584
380	0.0009808117	-63.52706
380.5	0.0009732953	-18.27165
381	0.0009602504	-49.94368
381.5	0.0009249552	-53.12517
382	0.0009024831	-19.93925
382.5	0.000911614	-66.33029
383	0.0009281116	-75.23258
383.5	0.0008875715	-63.87138
384	0.0009372532	-28.31448
384.5	0.0009921651	-6.315699
385	0.000986774	-57.77197
385.5	0.0009559892	-89.65957
386	0.0009352968	-53.85821
386.5	0.0009735466	-60.93844
387	0.0009264777	-41.1104
387.5	0.0008845476	-88.99262
388	0.000871332	-112.5297
388.5	0.0008215676	-92.39078
389	0.00079777	157.9788
389.5	0.0008140036	-102.2045
390	0.0008213921	-93.59294
390.5	0.0008137639	-92.72447
391	0.0007792786	-66.4407
391.5	0.0007854768	-63.06519
392	0.000805072	-76.09682
392.5	0.0007722723	-75.26491
393	0.0007182895	-63.97507
393.5	0.000747157	-3.698034
394	0.0008007913	-34.1706
394.5	0.0007779011	-5.735956
395	0.0007931012	-49.08379
395.5	0.0008078966	-93.44958
396	0.0007862999	-88.5154
396.5	0.0007606574	-82.92617
397	0.0007396411	-117.7746
397.5	0.0007494898	-152.7246
398	0.0007473964	170.1237
398.5	0.0007324795	-164.3434
399	0.0006961664	-141.4265
399.5	0.000656308	-90.28514
400	0.0006740895	-81.84843
