Source File Name:	10,2,3
Signal:	FFT - Vib Velocity - Mag. & Phase

Frequency	Magnitude	Phase
[ Hz ]	[ m/s ]	[ ° ]
20	0.07129585	-154.0386
20.5	0.07812268	156.1213
21	0.08456159	104.2618
21.5	0.08868502	50.15394
22	0.08962061	-7.894944
22.5	0.08207455	-68.50042
23	0.06483898	-125.195
23.5	0.04632946	-174.192
24	0.03681996	144.0236
24.5	0.03098136	103.7419
25	0.02869221	63.92109
25.5	0.02597501	24.53135
26	0.02390111	-15.92137
26.5	0.02227986	-55.32573
27	0.02061235	-94.30029
27.5	0.01987841	-134.5056
28	0.01909081	-174.2065
28.5	0.0184295	146.009
29	0.01765669	106.0932
29.5	0.01724636	66.34885
30	0.01677477	27.20864
30.5	0.01641189	-11.46718
31	0.01601248	-50.4254
31.5	0.01567956	-89.11404
32	0.01532782	-127.6451
32.5	0.01521282	-165.9282
33	0.01503615	155.4287
33.5	0.01293818	115.2893
34	0.01487218	78.19007
34.5	0.01461994	39.95906
35	0.01443895	1.995783
35.5	0.01440865	-35.32935
36	0.01427919	-73.23032
36.5	0.01421238	-110.5388
37	0.01406729	-148.2932
37.5	0.01418247	173.8852
38	0.01423851	136.9383
38.5	0.01429854	99.94032
39	0.01435488	62.70157
39.5	0.0143834	25.74291
40	0.01469007	-11.25265
40.5	0.01475762	-48.02823
41	0.01514918	-84.94177
41.5	0.01544712	-122.6657
42	0.01584977	-160.2879
42.5	0.01607661	161.7454
43	0.0164197	124.0177
43.5	0.01675896	85.73211
44	0.01703563	47.68362
44.5	0.01714436	9.517981
45	0.01723446	-28.65658
45.5	0.01738238	-66.59093
46	0.01747973	-104.0642
46.5	0.01758015	-142.0578
47	0.01782006	179.8833
47.5	0.01775627	142.2075
48	0.0180287	104.7859
48.5	0.01802363	66.94928
49	0.01825168	27.36719
49.5	0.01844287	-8.456405
50	0.01841512	-45.49359
50.5	0.01855125	-83.23163
51	0.01858078	-120.6571
51.5	0.01878607	-158.0906
52	0.01875705	164.5878
52.5	0.01903997	127.118
53	0.01893718	89.44234
53.5	0.01910252	52.39578
54	0.01928888	15.13839
54.5	0.01952244	-21.87802
55	0.01971941	-59.89262
55.5	0.01990439	-97.31805
56	0.01991514	-134.5402
56.5	0.02006934	-171.8708
57	0.02019756	151.0292
57.5	0.02049555	113.5257
58	0.02069567	76.02534
58.5	0.02094246	38.72957
59	0.02099691	1.253174
59.5	0.0213896	-36.03542
60	0.02151403	-73.57743
60.5	0.02182237	-110.6887
61	0.02196785	-148.522
61.5	0.02217402	174.3396
62	0.02248912	136.6381
62.5	0.02266872	99.52174
63	0.02306235	61.84627
63.5	0.02326507	24.25373
64	0.02357178	-13.35995
64.5	0.02375351	-50.76022
65	0.02398925	-88.20808
65.5	0.02429459	-125.6284
66	0.02473369	-163.1228
66.5	0.02508953	159.259
67	0.02544057	121.5276
67.5	0.02588655	83.79412
68	0.02630338	45.68951
68.5	0.0266195	8.124562
69	0.02704076	-30.06952
69.5	0.02722653	-67.93363
70	0.02773945	-105.7233
70.5	0.02799686	-143.6954
71	0.02854071	178.432
71.5	0.02887863	140.0343
72	0.02945554	101.9747
72.5	0.0297425	63.50699
73	0.03012825	25.47957
73.5	0.03055655	-13.15299
74	0.03090231	-51.32163
74.5	0.03135119	-89.91874
75	0.03162619	-128.4205
75.5	0.03203028	-167.0417
76	0.03244499	154.348
76.5	0.03281503	115.5167
77	0.03317793	76.61436
77.5	0.03347028	37.44778
78	0.03372797	-1.531802
78.5	0.03396502	-40.77849
79	0.03408846	-79.7976
79.5	0.03438903	-119.3348
80	0.03448525	-158.7007
80.5	0.03465112	161.4882
81	0.03447452	121.7772
81.5	0.03458906	81.79973
82	0.03424512	41.6227
82.5	0.03407683	1.734469
83	0.0335635	-38.95769
83.5	0.03301524	-79.18427
84	0.03234818	-119.8936
84.5	0.03146297	-160.3654
85	0.03051065	158.6693
85.5	0.02929884	117.8451
86	0.02802753	76.7692
86.5	0.02633112	35.90438
87	0.0245872	-4.895587
87.5	0.02270385	-45.33672
88	0.02070612	-85.30531
88.5	0.01874735	-124.4481
89	0.01680811	-163.6159
89.5	0.01493058	159.0679
90	0.01343752	122.1534
90.5	0.0118754	86.7991
91	0.01087402	51.52475
91.5	0.0097431	17.31321
92	0.009170303	-16.07265
92.5	0.008387475	-49.28268
93	0.008118518	-82.05544
93.5	0.007714282	-116.3338
94	0.007643725	-149.3181
94.5	0.007279228	175.5079
95	0.007118465	142.5606
95.5	0.006924498	106.996
96	0.006798894	73.82423
96.5	0.006689763	39.22926
97	0.006534833	5.189453
97.5	0.006436857	-29.11594
98	0.006469853	-63.19527
98.5	0.006420471	-97.48529
99	0.006465406	-131.9944
99.5	0.006328344	-167.2448
100	0.006435533	158.4072
100.5	0.006340608	124.7287
101	0.006597222	91.30254
101.5	0.006648078	55.69174
102	0.007037554	21.70812
102.5	0.007200995	-15.7356
103	0.007396832	-49.47645
103.5	0.007735966	-87.30567
104	0.007987605	-122.9552
104.5	0.008359937	-161.182
105	0.008493317	162.1098
105.5	0.008804095	123.549
106	0.008877785	85.88235
106.5	0.009220609	47.62058
107	0.009218344	9.005892
107.5	0.009316225	-29.84819
108	0.009234741	-68.7087
108.5	0.009159172	-106.9369
109	0.009040454	-144.6979
109.5	0.008950349	176.7159
110	0.008788867	138.9815
110.5	0.008776433	100.5965
111	0.008438217	63.0927
111.5	0.008439859	24.98395
112	0.008088572	-12.89135
112.5	0.008125055	-50.01554
113	0.007749568	-88.49467
113.5	0.007610028	-124.9703
114	0.007325473	-163.3191
114.5	0.007286812	161.3754
115	0.00708379	122.1123
115.5	0.006844619	86.40108
116	0.006731773	47.49796
116.5	0.006394393	11.78151
117	0.006300323	-24.76266
117.5	0.006070771	-61.12782
118	0.006014863	-98.46217
118.5	0.005841861	-134.7861
119	0.005691885	-171.8596
119.5	0.005483013	152.1721
120	0.005375923	115.0595
120.5	0.005292995	79.06272
121	0.00511752	41.37971
121.5	0.004898755	6.348423
122	0.004786209	-31.95963
122.5	0.004521065	-65.11903
123	0.00464184	-102.27
123.5	0.004307058	-137.7297
124	0.004389215	-175.1537
124.5	0.004008219	148.7947
125	0.004042464	114.658
125.5	0.00370381	78.7906
126	0.003766343	45.4573
126.5	0.003538412	8.908562
127	0.003550083	-22.45528
127.5	0.003392968	-57.81582
128	0.003456285	-89.55764
128.5	0.003463872	-125.447
129	0.003492173	-158.2012
129.5	0.003510076	167.6519
130	0.003579191	133.7871
130.5	0.003676564	100.4221
131	0.00400417	65.60284
131.5	0.004015019	29.7613
132	0.004316314	-5.905416
132.5	0.004289241	-42.96133
133	0.004622876	-77.07877
133.5	0.0046875	-114.6341
134	0.00504964	-149.6628
134.5	0.005107412	170.946
135	0.005382613	136.9284
135.5	0.005607268	96.99922
136	0.00572613	62.03234
136.5	0.006132806	22.05173
137	0.006148606	-15.34272
137.5	0.006398965	-53.67512
138	0.006395157	-90.96117
138.5	0.006717569	-129.177
139	0.006826907	-167.0757
139.5	0.007121373	154.4273
140	0.007198387	115.4961
140.5	0.007360466	76.46716
141	0.007437523	38.05354
141.5	0.007572501	-0.9119151
142	0.007561932	-39.2939
142.5	0.00775353	-79.00338
143	0.007575668	-117.4409
143.5	0.007789154	-155.8817
144	0.007584402	165.0718
144.5	0.007843952	126.9412
145	0.00769998	86.64446
145.5	0.007770272	49.25373
146	0.007611083	8.346915
146.5	0.00749898	-28.64557
147	0.007461215	-68.70969
147.5	0.007312897	-105.5877
148	0.007317046	-145.8278
148.5	0.007056292	176.4207
149	0.007112559	137.5469
149.5	0.006840973	99.24883
150	0.006786452	60.89539
150.5	0.006611008	22.1428
151	0.006467281	-16.64246
151.5	0.006228744	-53.65453
152	0.006102514	-92.22242
152.5	0.00588493	-129.1316
153	0.005909907	-167.5279
153.5	0.005640746	155.2225
154	0.005622009	116.4681
154.5	0.005234431	79.18916
155	0.005329397	42.08413
155.5	0.004927226	4.603011
156	0.005015272	-31.02763
156.5	0.004696289	-70.50372
157	0.004722015	-104.1278
157.5	0.004561774	-142.9551
158	0.00453625	-176.9819
158.5	0.004484956	142.9169
159	0.004397147	107.8817
159.5	0.004303446	69.15847
160	0.004097419	34.66373
160.5	0.004100694	-2.22692
161	0.004083132	-36.92848
161.5	0.004129387	-74.58874
162	0.004060891	-110.7047
162.5	0.00402194	-148.8396
163	0.004039644	176.068
163.5	0.003975897	137.6695
164	0.003947363	103.8761
164.5	0.003993972	63.58539
165	0.003875303	29.98259
165.5	0.004024141	-8.634946
166	0.003814572	-42.86549
166.5	0.004086086	-81.67883
167	0.003896174	-118.3435
167.5	0.004105779	-156.1416
168	0.003785234	167.0535
168.5	0.004014174	130.8779
169	0.003809604	92.24292
169.5	0.00399407	58.67173
170	0.003914264	19.01383
170.5	0.003955391	-16.9171
171	0.00393055	-55.26234
171.5	0.004000841	-91.44828
172	0.003896	-130.0908
172.5	0.003894907	-166.8562
173	0.003787793	154.9077
173.5	0.003821692	120.1168
174	0.003705212	82.76193
174.5	0.003856875	47.26422
175	0.003778396	7.515004
175.5	0.003864461	-27.05819
176	0.003723025	-67.83061
176.5	0.003664471	-100.6741
177	0.003705046	-141.3992
177.5	0.00359103	-173.9227
178	0.003706597	146.0366
178.5	0.003480206	111.9336
179	0.00368635	73.63468
179.5	0.00350722	38.90652
180	0.003714861	1.675938
180.5	0.003550842	-35.54122
181	0.003687991	-73.05158
181.5	0.003496199	-109.5947
182	0.0035934	-144.8248
182.5	0.003515559	178.2845
183	0.00364283	141.6874
183.5	0.003626491	105.2897
184	0.003698617	67.13332
184.5	0.003518068	31.4815
185	0.00372254	-5.583748
185.5	0.003561383	-42.29922
186	0.003780331	-77.97352
186.5	0.00357937	-116.5071
187	0.003801422	-151.7186
187.5	0.003647792	169.1902
188	0.003838521	135.1296
188.5	0.003708547	94.11713
189	0.003768939	60.53808
189.5	0.003744293	19.3612
190	0.003644857	-12.81577
190.5	0.003736278	-51.97676
191	0.003695033	-86.79479
191.5	0.003820097	-125.9308
192	0.003731595	-161.2612
192.5	0.003796689	160.036
193	0.003709014	123.9624
193.5	0.003786864	85.79958
194	0.003722619	50.14483
194.5	0.003714027	11.1862
195	0.003584746	-23.81687
195.5	0.003668629	-61.61659
196	0.003604429	-95.60271
196.5	0.003735206	-135.1923
197	0.003541752	-170.7303
197.5	0.003750792	150.4236
198	0.003419093	114.9038
198.5	0.003658631	79.00733
199	0.003406936	41.10678
199.5	0.003652976	5.857019
200	0.003435549	-33.06175
200.5	0.003513727	-67.21696
201	0.003368409	-106.1831
201.5	0.003497604	-139.8601
202	0.003402742	-179.6764
202.5	0.003380257	146.8231
203	0.003322581	107.4805
203.5	0.00329191	73.37892
204	0.003285905	36.81774
204.5	0.003376398	1.822982
205	0.003284143	-37.73852
205.5	0.003314384	-72.62444
206	0.003203597	-111.3055
206.5	0.003170737	-143.5219
207	0.003147545	177.2941
207.5	0.003192726	144.8835
208	0.003212712	104.4938
208.5	0.003145556	72.61188
209	0.003217586	32.12671
209.5	0.003095812	-0.559739
210	0.003297025	-40.22431
210.5	0.002999635	-74.12869
211	0.003172246	-112.032
211.5	0.002931128	-146.4505
212	0.003168612	178.1899
212.5	0.003032676	142.3723
213	0.003188901	105.8139
213.5	0.003044052	68.22937
214	0.00316652	32.76728
214.5	0.003005742	-2.727497
215	0.003153192	-38.59903
215.5	0.003024189	-75.6326
216	0.003126269	-111.5045
216.5	0.002996415	-146.4262
217	0.003147266	177.8514
217.5	0.00299659	141.2274
218	0.003295865	105.9046
218.5	0.003046931	66.72818
219	0.003159994	33.75707
219.5	0.002982715	-4.98316
220	0.003174401	-36.49442
220.5	0.00313214	-75.52226
221	0.003241037	-108.4826
221.5	0.003187017	-150.0917
222	0.003177358	178.1601
222.5	0.003221804	138.3642
223	0.003137886	106.8556
223.5	0.003249253	67.35068
224	0.003200349	33.24859
224.5	0.003251877	-4.099766
225	0.003227056	-37.37129
225.5	0.003328993	-75.78762
226	0.003333919	-110.6403
226.5	0.003427742	-149.5598
227	0.003299306	176.491
227.5	0.003341994	137.5919
228	0.003264191	105.1974
228.5	0.003447872	67.15659
229	0.003352998	33.66722
229.5	0.003543067	-5.234427
230	0.003365113	-40.00097
230.5	0.003663276	-77.57038
231	0.003386799	-112.9545
231.5	0.003658672	-149.802
232	0.003407981	172.7396
232.5	0.003609827	138.7474
233	0.003473683	101.759
233.5	0.003678869	67.76084
234	0.003612138	28.82315
234.5	0.003806759	-6.419957
235	0.003627178	-44.93089
235.5	0.003692336	-78.81383
236	0.003648824	-116.5804
236.5	0.0037696	-151.0172
237	0.003747557	171.5173
237.5	0.003844511	136.2178
238	0.003723965	97.8139
238.5	0.003914388	64.46512
239	0.003851778	25.11623
239.5	0.003922126	-8.686666
240	0.003883036	-48.94253
240.5	0.00387529	-81.79444
241	0.003881269	-120.6171
241.5	0.003856969	-152.4322
242	0.00402953	167.6765
242.5	0.003985274	133.6628
243	0.00416099	94.06726
243.5	0.00392313	59.69135
244	0.004119046	21.6045
244.5	0.003957828	-13.64815
245	0.004144253	-50.28717
245.5	0.003981343	-86.04253
246	0.004121494	-122.9185
246.5	0.00403898	-158.5454
247	0.004248057	164.9668
247.5	0.004115067	128.6839
248	0.004296384	90.75803
248.5	0.004089628	54.14249
249	0.004237808	18.31911
249.5	0.004078404	-17.36175
250	0.004274871	-53.59615
250.5	0.004120068	-90.69179
251	0.004401697	-126.1239
251.5	0.004116602	-164.6553
252	0.004318359	161.633
252.5	0.004209633	122.2691
253	0.004330738	88.38849
253.5	0.004219589	49.51217
254	0.004251452	16.10153
254.5	0.004247593	-23.15134
255	0.004322485	-56.09365
255.5	0.004359003	-95.79453
256	0.004284898	-130.3617
256.5	0.004318926	-169.1165
257	0.004221578	156.5028
257.5	0.004251983	119.6609
258	0.004255384	85.36559
258.5	0.004352126	46.49496
259	0.004310283	12.21822
259.5	0.004367375	-26.50857
260	0.004258326	-60.46255
260.5	0.004378281	-99.23086
261	0.004268983	-133.684
261.5	0.0044175	-172.0558
262	0.004141033	153.3235
262.5	0.004362352	116.2776
263	0.004170307	81.80895
263.5	0.004488358	44.76991
264	0.004255431	7.97382
264.5	0.004491036	-28.60768
265	0.004230193	-66.40956
265.5	0.0043849	-100.4895
266	0.004218399	-137.9961
266.5	0.004377785	-172.8613
267	0.004275701	149.1968
267.5	0.0044007	114.4823
268	0.0042683	77.10548
268.5	0.004399393	42.29008
269	0.00433312	3.848284
269.5	0.004411281	-30.99547
270	0.004285825	-68.7347
270.5	0.004361943	-103.4498
271	0.004259451	-141.3474
271.5	0.00444086	-174.7036
272	0.004356631	145.3585
272.5	0.004347776	112.0773
273	0.004355948	72.51482
273.5	0.00432728	39.63117
274	0.004388414	0.7797414
274.5	0.004290591	-32.8025
275	0.004438431	-72.23015
275.5	0.004273317	-105.8523
276	0.004440554	-143.8307
276.5	0.004282713	-178.6617
277	0.004496522	143.18
277.5	0.00431344	107.2016
278	0.00439358	70.56694
278.5	0.004192908	35.10077
279	0.004357041	-1.215462
279.5	0.004282414	-36.28876
280	0.004476601	-73.61626
280.5	0.004293154	-109.9735
281	0.004433047	-147.3831
281.5	0.004228026	176.8519
282	0.004420256	141.6146
282.5	0.004227567	104.5091
283	0.004449878	68.27129
283.5	0.004200689	31.36393
284	0.004427889	-3.217196
284.5	0.004194751	-41.30811
285	0.00440353	-75.08184
285.5	0.004329976	-114.8714
286	0.004346467	-148.3666
286.5	0.004232225	172.6911
287	0.004284336	139.3811
287.5	0.004279008	100.8117
288	0.004322831	67.24151
288.5	0.004330995	28.10983
289	0.004268457	-6.283491
289.5	0.00432869	-44.80487
290	0.004269284	-78.83173
290.5	0.004277198	-117.1019
291	0.004252968	-151.6293
291.5	0.004249956	169.7357
292	0.004203024	136.8201
292.5	0.004324421	98.18701
293	0.004211747	63.72208
293.5	0.004386886	24.5127
294	0.004163279	-10.08401
294.5	0.004284719	-48.14743
295	0.004042898	-82.30624
295.5	0.004307769	-119.3027
296	0.004110981	-155.1384
296.5	0.004325886	168.2407
297	0.004061386	131.4895
297.5	0.004293501	95.6749
298	0.004098011	58.30982
298.5	0.004253697	23.38996
299	0.004091577	-14.98806
299.5	0.004148852	-50.42797
300	0.00398485	-86.83163
300.5	0.004127878	-120.9445
301	0.004030382	-158.54
301.5	0.004204696	165.6885
302	0.004068285	126.9058
302.5	0.004094381	92.62784
303	0.003932585	54.6265
303.5	0.004040152	20.91938
304	0.003949959	-17.85575
304.5	0.004057231	-50.80283
305	0.003964135	-91.07422
305.5	0.003925714	-123.6694
306	0.004022098	-163.15
306.5	0.003931831	163.4967
307	0.003975611	123.9126
307.5	0.00381196	90.09645
308	0.003904298	51.67955
308.5	0.003765977	18.76035
309	0.003932659	-18.86804
309.5	0.003814079	-54.28783
310	0.003973614	-92.552
310.5	0.003786274	-127.8496
311	0.003865629	-164.9651
311.5	0.003706444	159.5417
312	0.003830824	122.0021
312.5	0.003656541	87.70554
313	0.003797181	50.85822
313.5	0.003595706	15.7854
314	0.003875052	-21.16641
314.5	0.003668965	-57.64616
315	0.003866815	-94.20281
315.5	0.003574356	-132.4669
316	0.003718019	-166.866
316.5	0.003497682	156.2167
317	0.003718884	122.7852
317.5	0.003522469	83.39301
318	0.003688327	49.92887
318.5	0.003587624	10.05562
319	0.003572515	-22.16493
319.5	0.003559368	-61.33762
320	0.003594177	-96.15222
320.5	0.003519717	-135.1478
321	0.003492849	-168.1217
321.5	0.003414235	153.1668
322	0.003443668	120.2709
322.5	0.003516666	81.50101
323	0.00348754	47.2188
323.5	0.003449508	7.246597
324	0.003359956	-26.22976
324.5	0.003361218	-65.026
325	0.003299641	-96.19187
325.5	0.003416535	-136.2113
326	0.003268183	-169.826
326.5	0.003461937	150.9218
327	0.003228907	117.0598
327.5	0.003394989	78.66402
328	0.003139068	43.51429
328.5	0.003360512	6.093893
329	0.003076466	-29.16293
329.5	0.003240664	-64.42254
330	0.003061485	-100.689
330.5	0.003297747	-136.017
331	0.003143819	-173.9344
331.5	0.003244941	150.8043
332	0.003070604	112.4914
332.5	0.003175122	77.268
333	0.002989397	41.24688
333.5	0.003147926	6.075836
334	0.002932273	-31.88056
334.5	0.003106581	-65.84206
335	0.002957962	-103.447
335.5	0.003109838	-136.523
336	0.002994649	-177.2221
336.5	0.003093783	148.9088
337	0.002918062	108.6701
337.5	0.002949833	77.98917
338	0.002866535	37.33669
338.5	0.002923056	6.769094
339	0.003011956	-34.3601
339.5	0.002891297	-67.3339
340	0.002910454	-107.3902
340.5	0.002811383	-140.1908
341	0.002914651	-179.1666
341.5	0.002793714	148.1093
342	0.002893236	108.3537
342.5	0.002751905	73.67328
343	0.002846096	35.99778
343.5	0.002721638	3.14959
344	0.002851022	-35.98727
344.5	0.002716528	-71.25985
345	0.002838094	-110.041
345.5	0.002605704	-143.6734
346	0.002755662	178.7793
346.5	0.002537941	144.2318
347	0.002838281	107.4189
347.5	0.002579747	70.71207
348	0.002774871	34.63831
348.5	0.002530933	-3.823253
349	0.002710918	-37.84124
349.5	0.002521891	-76.19991
350	0.002627955	-109.9381
350.5	0.002442093	-149.967
351	0.002591259	178.5106
351.5	0.002482565	138.8671
352	0.002549954	106.4475
352.5	0.002520023	65.43011
353	0.002522472	30.58126
353.5	0.002398365	-7.748662
354	0.002434797	-39.55246
354.5	0.002377174	-80.322
355	0.002434629	-112.3118
355.5	0.002405609	-153.262
356	0.002340028	174.999
356.5	0.002347449	133.7757
357	0.002309059	102.3835
357.5	0.002380231	61.28695
358	0.002247958	29.60625
358.5	0.002311393	-12.92375
359	0.002117085	-44.02042
359.5	0.002319649	-82.10963
360	0.002143139	-116.2089
360.5	0.002330202	-155.5404
361	0.002128006	167.6549
361.5	0.002249744	130.1453
362	0.001991492	95.64127
362.5	0.002133921	59.67833
363	0.002021246	23.41172
363.5	0.002197657	-13.19689
364	0.001990106	-50.11579
364.5	0.002105003	-85.73038
365	0.001949725	-124.2419
365.5	0.002110222	-159.2501
366	0.001915891	162.8684
366.5	0.002042043	127.0383
367	0.001793165	86.87155
367.5	0.001962239	57.17598
368	0.0018274	16.74873
368.5	0.001933374	-14.414
369	0.00186527	-58.97632
369.5	0.001887736	-90.09715
370	0.001803904	-132.1983
370.5	0.001775507	-161.4688
371	0.001769447	154.3709
371.5	0.001728988	124.931
372	0.001778901	82.42284
372.5	0.001643384	51.55352
373	0.001738585	10.51424
373.5	0.001685639	-22.96697
374	0.001720219	-64.9333
374.5	0.00154576	-96.58144
375	0.001611586	-138.7832
375.5	0.001478214	-168.4076
376	0.001640341	152.4906
376.5	0.001499902	118.8211
377	0.001654521	75.74281
377.5	0.001427191	40.11008
378	0.001578039	2.903488
378.5	0.00131982	-31.1799
379	0.001543479	-69.73914
379.5	0.001317166	-108.1198
380	0.001484418	-140.9468
380.5	0.00123393	177.8828
381	0.001407543	147.8649
381.5	0.001320269	104.7752
382	0.001472275	72.76299
382.5	0.001289508	26.86544
383	0.001292086	-5.882431
383.5	0.001167103	-47.37298
384	0.001218537	-73.84998
384.5	0.001162341	-116.8869
385	0.00121429	-147.2557
385.5	0.001223679	165.9982
386	0.001207025	135.8638
386.5	0.001129771	91.36101
387	0.00113707	62.75449
387.5	0.001165589	13.29782
388	0.001040621	-12.84372
388.5	0.001089407	-59.06251
389	0.0009369596	-85.84553
389.5	0.00111447	-130.9119
390	0.0009708102	-160.7625
390.5	0.00112727	154.1735
391	0.0008992531	118.8656
391.5	0.001066641	78.11856
392	0.0008537788	43.70678
392.5	0.001032184	7.914009
393	0.0008459204	-33.80947
393.5	0.0009852294	-69.13523
394	0.0008536766	-108.5377
394.5	0.0009853052	-142.02
395	0.0008404219	175.0303
395.5	0.000997321	138.929
396	0.0008353196	93.57378
396.5	0.0008817122	63.8646
397	0.0006989712	18.69852
397.5	0.0008649168	-3.216135
398	0.0008455362	-52.66658
398.5	0.0009375847	-80.75347
399	0.0008672473	-135.2726
399.5	0.0008743055	-162.659
400	0.0008620674	146.3192
