Source File Name:	4,2,0
Signal:	FFT - Vib Velocity - Mag. & Phase

Frequency	Magnitude	Phase
[ Hz ]	[ m/s ]	[ ° ]
20	0.08709213	-161.567
20.5	0.094627	145.5489
21	0.09711155	91.12639
21.5	0.09569366	31.40946
22	0.07954043	-25.0737
22.5	0.05995174	-76.35491
23	0.0474917	-122.2421
23.5	0.03848357	-159.8831
24	0.03168925	161.5423
24.5	0.02786859	123.2703
25	0.02508171	84.91132
25.5	0.02278768	42.90834
26	0.0209232	4.801954
26.5	0.01945305	-32.43741
27	0.01808007	-70.0966
27.5	0.01658312	-108.3911
28	0.01556835	-145.3653
28.5	0.01495805	178.49
29	0.01432432	140.6216
29.5	0.01393647	104.8772
30	0.0136551	68.82085
30.5	0.01340204	32.5534
31	0.01362612	-4.168123
31.5	0.01361881	-41.46046
32	0.01385829	-80.54811
32.5	0.01403842	-119.4532
33	0.0144089	-157.8472
33.5	0.01239845	164.1131
34	0.01451033	124.6627
34.5	0.01427627	85.76876
35	0.01394655	47.86199
35.5	0.01367319	9.995288
36	0.0136182	-26.31215
36.5	0.01435854	-65.02622
37	0.01460384	-102.1301
37.5	0.01470176	-140.2941
38	0.01521803	-178.3597
38.5	0.0158829	143.2434
39	0.01569128	103.5298
39.5	0.01603146	64.71704
40	0.01589127	25.00081
40.5	0.01606552	-13.90112
41	0.0159005	-52.82942
41.5	0.01592733	-91.69591
42	0.01596074	-130.045
42.5	0.0158532	-168.013
43	0.01611714	153.7338
43.5	0.01619502	114.9986
44	0.01564755	76.14903
44.5	0.01582791	38.28109
45	0.0157273	-0.216213
45.5	0.01573917	-38.74727
46	0.01570534	-77.54128
46.5	0.01565812	-115.2549
47	0.01580168	-152.8886
47.5	0.01580553	169.9467
48	0.01540662	131.8329
48.5	0.01531271	93.50201
49	0.01566561	55.09283
49.5	0.01536995	18.26954
50	0.01502655	-20.65193
50.5	0.01508844	-57.19621
51	0.01521934	-94.48499
51.5	0.01533495	-130.2103
52	0.01537641	-169.1707
52.5	0.0156548	154.5685
53	0.01583171	115.4294
53.5	0.01611843	76.92131
54	0.01638608	37.63575
54.5	0.01635723	-1.154687
55	0.01612815	-40.55465
55.5	0.01590581	-77.06355
56	0.01583492	-115.9024
56.5	0.01556647	-153.6942
57	0.01532105	168.5105
57.5	0.01504132	131.5678
58	0.0153562	94.26205
58.5	0.01512357	55.72084
59	0.01532058	18.74764
59.5	0.01515579	-18.55189
60	0.01506323	-55.6007
60.5	0.01516669	-93.25829
61	0.01508412	-130.21
61.5	0.01511423	-168.0201
62	0.0150974	155.7197
62.5	0.01549198	118.2945
63	0.01579474	80.16613
63.5	0.01610335	42.85938
64	0.01596976	4.760615
64.5	0.01637873	-32.88808
65	0.01653046	-70.25601
65.5	0.01668392	-107.9952
66	0.01710685	-146.0112
66.5	0.01763584	176.3969
67	0.01812073	136.7212
67.5	0.01865869	98.04325
68	0.0186562	58.09521
68.5	0.01908969	19.31365
69	0.01908462	-21.0649
69.5	0.01894205	-59.91187
70	0.0191638	-99.39178
70.5	0.0186523	-138.7189
71	0.01904872	-178.3797
71.5	0.01858237	143.6053
72	0.01858493	103.6552
72.5	0.01840721	64.53848
73	0.0183065	26.46666
73.5	0.01838175	-13.29052
74	0.01850237	-52.85337
74.5	0.01808607	-93.26648
75	0.01826492	-133.3921
75.5	0.01760533	-173.5791
76	0.017137	146.0039
76.5	0.01650637	106.5852
77	0.0158649	66.99313
77.5	0.01530579	26.50144
78	0.01454858	-11.14627
78.5	0.01397758	-51.94024
79	0.01344719	-90.464
79.5	0.01250719	-128.9531
80	0.01199286	-167.2123
80.5	0.01140418	155.3204
81	0.0106616	116.6355
81.5	0.01043338	80.17316
82	0.009897172	41.67001
82.5	0.009299997	2.507254
83	0.009126682	-33.88058
83.5	0.00830758	-71.52922
84	0.008005781	-108.3967
84.5	0.00736534	-143.1214
85	0.007214451	-177.5965
85.5	0.00705608	144.7028
86	0.006805299	110.4088
86.5	0.006707453	72.41756
87	0.006663356	37.31874
87.5	0.006485124	0.9882683
88	0.006815016	-34.89527
88.5	0.006549668	-71.80901
89	0.006622807	-109.9427
89.5	0.006691613	-149.0583
90	0.006472568	173.5291
90.5	0.006077113	129.4112
91	0.005703512	95.13866
91.5	0.005419062	58.46744
92	0.005003615	24.73153
92.5	0.005188765	-8.130001
93	0.005195554	-42.68047
93.5	0.00551293	-80.18159
94	0.005567637	-120.6642
94.5	0.005482539	-161.8558
95	0.005192086	156.6439
95.5	0.004536204	120.4025
96	0.00448112	84.9772
96.5	0.004242757	54.15083
97	0.004116941	19.52895
97.5	0.004310418	-15.70747
98	0.004569587	-50.37414
98.5	0.004280468	-91.61571
99	0.004416669	-129.5248
99.5	0.004035438	-165.9577
100	0.004156225	160.1619
100.5	0.004265178	129.105
101	0.004664133	92.3263
101.5	0.004938591	53.03114
102	0.005369838	18.128
102.5	0.005293971	-27.07331
103	0.005726095	-66.7117
103.5	0.005304831	-108.773
104	0.005366999	-146.6141
104.5	0.005690495	173.7655
105	0.005529415	135.5045
105.5	0.005973227	92.56756
106	0.005523129	53.86924
106.5	0.005761389	11.35655
107	0.005651842	-28.62724
107.5	0.005408817	-73.76524
108	0.005452314	-116.1189
108.5	0.005100878	-153.2515
109	0.005065456	161.9874
109.5	0.005211875	120.6463
110	0.004464192	79.37582
110.5	0.004347065	35.09908
111	0.003816336	-2.919966
111.5	0.003760295	-44.63398
112	0.00377823	-86.97556
112.5	0.003441806	-128.4834
113	0.003429189	-171.6575
113.5	0.003439575	151.8614
114	0.003248275	101.348
114.5	0.003079229	54.70683
115	0.002253594	7.469144
115.5	0.002222559	-38.8703
116	0.001698873	-76.86926
116.5	0.001504049	-113.2438
117	0.001640796	-152.6857
117.5	0.001390015	-174.0335
118	0.001571595	136.034
118.5	0.001749628	106.2059
119	0.001752415	42.42419
119.5	0.001589926	-7.212462
120	0.001617081	-41.87561
120.5	0.001643853	-95.00054
121	0.001617536	-134.3977
121.5	0.001372709	179.7601
122	0.001182784	150.647
122.5	0.001071658	110.8018
123	0.00100265	64.46066
123.5	0.001196463	36.94455
124	0.001017631	-8.943386
124.5	0.001096156	-37.0147
125	0.001520165	-61.87697
125.5	0.001744207	-100.2254
126	0.00184156	-143.0228
126.5	0.002147886	-174.7679
127	0.002352205	137.5558
127.5	0.002747975	93.69544
128	0.002860092	45.36159
128.5	0.003065526	6.413929
129	0.003416242	-42.27
129.5	0.002941361	-81.78569
130	0.003349794	-123.6587
130.5	0.002800056	-164.24
131	0.00282295	150.7789
131.5	0.002403219	111.1531
132	0.002508449	85.30371
132.5	0.002307908	38.76619
133	0.002616234	16.51478
133.5	0.002841596	-20.43283
134	0.00347257	-56.59192
134.5	0.00349332	-103.0111
135	0.003622131	-147.0986
135.5	0.003729122	169.232
136	0.003088297	122.7794
136.5	0.003006863	79.93684
137	0.002562145	53.32208
137.5	0.002127385	13.1485
138	0.002264836	-8.473323
138.5	0.002516027	-31.04714
139	0.002789339	-71.54016
139.5	0.003242086	-111.8801
140	0.00311953	-151.218
140.5	0.003375505	169.6799
141	0.003334833	132.8712
141.5	0.003420073	95.15726
142	0.004020843	58.54488
142.5	0.003585875	24.16162
143	0.004213051	-19.12732
143.5	0.004207474	-55.79338
144	0.004164214	-96.46792
144.5	0.004098126	-141.755
145	0.003921664	-169.6935
145.5	0.003935524	147.2385
146	0.004253772	118.5929
146.5	0.004199315	79.51651
147	0.004587123	46.03637
147.5	0.005207619	9.298923
148	0.005431003	-34.62108
148.5	0.005922787	-77.71043
149	0.005595917	-117.5045
149.5	0.0059168	-161.6739
150	0.005681725	159.5859
150.5	0.005446469	118.2344
151	0.005135027	79.63276
151.5	0.00484435	43.45827
152	0.004533781	3.89488
152.5	0.004678098	-28.92157
153	0.004321946	-70.35329
153.5	0.004359457	-104.1811
154	0.004514579	-138.4886
154.5	0.00448562	-176.6066
155	0.004651156	143.0407
155.5	0.004004366	109.4322
156	0.004276048	73.22895
156.5	0.004031164	36.76818
157	0.004174247	2.720189
157.5	0.004056116	-36.35701
158	0.004355457	-66.30666
158.5	0.004510316	-106.4399
159	0.004719304	-141.4942
159.5	0.004556085	176.7928
160	0.004286169	146.7559
160.5	0.004506943	111.0471
161	0.004765331	77.43706
161.5	0.005098115	39.22993
162	0.005567161	5.153824
162.5	0.006059247	-36.90403
163	0.006414972	-75.21893
163.5	0.006668768	-116.3803
164	0.006327525	-155.0648
164.5	0.006811733	164.08
165	0.006566141	128.9361
165.5	0.006906617	86.18201
166	0.006703618	45.96483
166.5	0.006790635	10.38388
167	0.00667815	-30.52768
167.5	0.00675666	-68.08783
168	0.006454254	-106.5816
168.5	0.006620217	-142.406
169	0.006603124	179.4336
169.5	0.006894507	137.8368
170	0.006915037	100.814
170.5	0.00666406	58.11454
171	0.006517297	17.2871
171.5	0.006315926	-17.39449
172	0.005681444	-59.86235
172.5	0.005751499	-95.95078
173	0.005133373	-132.1636
173.5	0.005165829	-169.2049
174	0.004818518	153.3293
174.5	0.004248525	116.2186
175	0.004259429	85.68461
175.5	0.003869731	57.88639
176	0.003971351	21.66235
176.5	0.004712855	-7.28871
177	0.004814226	-41.79357
177.5	0.005429131	-83.89034
178	0.005824247	-121.0326
178.5	0.00583106	-163.2747
179	0.00573583	156.2558
179.5	0.00532047	120.361
180	0.005384802	82.0089
180.5	0.005192329	49.33759
181	0.00504565	13.18677
181.5	0.00567389	-23.67049
182	0.005804082	-56.80531
182.5	0.00573232	-100.5154
183	0.006220962	-134.3873
183.5	0.006331173	-173.0504
184	0.006192168	147.6257
184.5	0.006585632	108.8246
185	0.006308082	69.51971
185.5	0.006593304	30.77722
186	0.005997148	-9.408446
186.5	0.006314197	-48.0253
187	0.005871709	-84.90237
187.5	0.005580988	-121.3502
188	0.005654071	-158.5288
188.5	0.005628264	168.5507
189	0.00538962	128.9422
189.5	0.00564466	93.45911
190	0.00542822	56.00396
190.5	0.005499173	19.43936
191	0.00544095	-18.55997
191.5	0.00570632	-52.86565
192	0.005834382	-91.64597
192.5	0.005875871	-128.9343
193	0.005874972	-170.7979
193.5	0.005547807	153.4509
194	0.005300026	114.9333
194.5	0.004903306	78.32867
195	0.005003193	45.77275
195.5	0.005180741	10.58584
196	0.005365579	-24.83557
196.5	0.00581915	-63.55066
197	0.005853764	-101.0011
197.5	0.006021169	-141.5922
198	0.005626661	-179.8965
198.5	0.005749019	144.4071
199	0.005741809	101.885
199.5	0.005685897	66.08601
200	0.005643504	24.51724
200.5	0.00584547	-12.83939
201	0.005390388	-55.39822
201.5	0.005097086	-92.95973
202	0.004748214	-128.0986
202.5	0.004120398	-165.7292
203	0.004049374	157.7403
203.5	0.003925914	130.4303
204	0.004033213	85.04674
204.5	0.003978707	53.15738
205	0.003876344	13.51786
205.5	0.003776358	-23.34479
206	0.003574699	-55.73064
206.5	0.003122619	-88.31951
207	0.003671495	-122.9476
207.5	0.003064924	-160.1954
208	0.003260373	160.1021
208.5	0.003164072	125.6983
209	0.002597752	84.76057
209.5	0.002611388	48.73712
210	0.002450984	36.63931
210.5	0.002404121	2.532517
211	0.002995917	-22.42624
211.5	0.00356982	-54.34964
212	0.003781691	-98.51849
212.5	0.004185025	-136.2599
213	0.003899006	-179.1235
213.5	0.004347015	140.397
214	0.003941558	104.6059
214.5	0.004053712	66.91163
215	0.004371476	35.02689
215.5	0.004254086	0.5862088
216	0.004457972	-39.06323
216.5	0.004810164	-72.20426
217	0.004370864	-114.6196
217.5	0.004807321	-151.6807
218	0.004608653	168.8705
218.5	0.004867029	132.8587
219	0.005018506	95.35336
219.5	0.005079411	60.15343
220	0.00545232	18.36453
220.5	0.005126053	-16.29656
221	0.005005951	-59.62955
221.5	0.004849304	-98.07252
222	0.004369462	-136.8809
222.5	0.004197692	-173.7173
223	0.003989817	153.856
223.5	0.00400517	123.4807
224	0.004215293	90.79807
224.5	0.004639858	59.34156
225	0.004890749	18.82909
225.5	0.005163591	-15.47169
226	0.005292181	-60.4595
226.5	0.005400815	-99.30648
227	0.0054356	-141.1994
227.5	0.005104904	179.8503
228	0.00503085	139.132
228.5	0.004646064	105.0654
229	0.004366626	70.32561
229.5	0.004058164	36.11844
230	0.004250666	1.864988
230.5	0.004160478	-29.42464
231	0.004485857	-71.56775
231.5	0.00449829	-106.5955
232	0.004662583	-146.4412
232.5	0.00450776	175.6662
233	0.004547067	138.1906
233.5	0.004179912	100.2732
234	0.004191756	68.1979
234.5	0.003757263	29.01193
235	0.004058111	-4.508856
235.5	0.003803312	-38.78698
236	0.003492296	-77.23253
236.5	0.003820144	-111.4273
237	0.00353605	-139.814
237.5	0.003736397	-176.6942
238	0.00405725	152.8034
238.5	0.004367805	117.4021
239	0.004786309	77.96362
239.5	0.005047338	43.67887
240	0.00513137	-2.610573
240.5	0.005352818	-39.45788
241	0.004756548	-79.09212
241.5	0.004961467	-117.9489
242	0.004885507	-151.0258
242.5	0.004667103	173.4958
243	0.005313417	136.1252
243.5	0.005422698	102.3818
244	0.005593726	58.60706
244.5	0.005797225	22.97345
245	0.005748814	-22.46758
245.5	0.005696833	-60.95407
246	0.005510088	-99.80917
246.5	0.005223084	-144.3689
247	0.005400343	178.2378
247.5	0.004366904	140.5159
248	0.004438155	100.0819
248.5	0.003946804	64.54052
249	0.003315452	29.17623
249.5	0.003365365	-4.19357
250	0.003004164	-39.48801
250.5	0.003000666	-75.48006
251	0.003049144	-110.3852
251.5	0.002588313	-150.9407
252	0.002424628	171.7638
252.5	0.001858966	161.5152
253	0.001873248	122.9018
253.5	0.002185144	105.0394
254	0.002574502	76.33476
254.5	0.002746616	35.45891
255	0.002926903	-7.474355
255.5	0.002779496	-40.01749
256	0.002838195	-77.07374
256.5	0.002779068	-101.8131
257	0.003272968	-138.6941
257.5	0.003916669	-169.4922
258	0.004219199	148.2585
258.5	0.004373832	112.3558
259	0.004927069	69.23221
259.5	0.004605802	28.29155
260	0.004699438	-11.42072
260.5	0.00441845	-47.19371
261	0.004881563	-83.7534
261.5	0.004780571	-122.2272
262	0.005254145	-158.143
262.5	0.005303713	163.0461
263	0.00542942	122.7924
263.5	0.00548214	80.83202
264	0.005234125	41.19791
264.5	0.005027287	-1.265866
265	0.004638623	-38.50364
265.5	0.004520435	-77.56556
266	0.004515698	-113.5117
266.5	0.003971091	-149.1644
267	0.00392543	173.8907
267.5	0.004044401	142.1041
268	0.003769072	100.4529
268.5	0.003788187	59.91915
269	0.00315871	23.02789
269.5	0.003043419	-18.10139
270	0.002847512	-51.51625
270.5	0.002209049	-80.12435
271	0.002173849	-112.9737
271.5	0.002325371	-125.2586
272	0.002446191	-165.1176
272.5	0.002930537	165.1761
273	0.002821293	127.3181
273.5	0.002796146	84.28129
274	0.003169555	48.68565
274.5	0.002541109	12.45929
275	0.002659454	-26.63333
275.5	0.00273118	-44.83805
276	0.002879581	-82.07378
276.5	0.003509671	-117.6029
277	0.003373597	-151.539
277.5	0.003493497	169.8583
278	0.003834024	130.1868
278.5	0.003459179	94.5718
279	0.003891177	54.14753
279.5	0.003778476	24.63242
280	0.004178866	-22.04509
280.5	0.004429461	-54.61668
281	0.004288428	-93.74538
281.5	0.003993037	-136.7753
282	0.004048226	-169.053
282.5	0.003505525	154.5752
283	0.003747523	116.5578
283.5	0.003347126	84.96964
284	0.003838939	48.20868
284.5	0.003977582	14.19105
285	0.004010928	-23.60835
285.5	0.003992333	-58.757
286	0.004311876	-91.33288
286.5	0.004005569	-133.2774
287	0.00452645	-168.6354
287.5	0.004157664	150.6892
288	0.004134765	110.6799
288.5	0.00405503	72.78586
289	0.00396704	40.83541
289.5	0.003796728	5.377602
290	0.003729674	-23.66431
290.5	0.004339759	-60.01105
291	0.004531198	-96.55731
291.5	0.004442455	-137.8604
292	0.004680562	179.9618
292.5	0.00466646	140.0977
293	0.004326624	99.04586
293.5	0.003934108	62.94195
294	0.003827949	26.68892
294.5	0.003423232	-3.301138
295	0.003305441	-37.99084
295.5	0.00332501	-73.17001
296	0.003175032	-105.283
296.5	0.003022354	-140.2725
297	0.003477904	-175.8927
297.5	0.0033026	152.951
298	0.003533778	118.8669
298.5	0.003734848	85.06432
299	0.004021831	45.7822
299.5	0.004072936	13.11987
300	0.004114363	-25.04901
300.5	0.004154656	-68.95724
301	0.004430932	-101.3853
301.5	0.004025816	-140.3888
302	0.004247213	-179.1108
302.5	0.004165263	148.2002
303	0.004093407	112.4131
303.5	0.004438192	77.41824
304	0.004172596	41.62056
304.5	0.004602582	4.789343
305	0.004814863	-33.16979
305.5	0.004723494	-72.40565
306	0.00518029	-113.3117
306.5	0.00470105	-149.0464
307	0.004865425	164.2422
307.5	0.004469317	132.624
308	0.004038047	93.86689
308.5	0.003869307	57.87953
309	0.003957651	26.46175
309.5	0.003672047	-9.657238
310	0.004166564	-45.54528
310.5	0.003455069	-81.78511
311	0.003939071	-122.0076
311.5	0.003421166	-152.2946
312	0.003392741	171.7875
312.5	0.003292865	137.1021
313	0.003705712	110.009
313.5	0.003531242	67.1712
314	0.004127215	36.74319
314.5	0.003649989	-4.390105
315	0.003908686	-42.39775
315.5	0.003552646	-79.60439
316	0.003187224	-108.947
316.5	0.003475108	-142.9338
317	0.003618626	-171.2073
317.5	0.004117724	148.5419
318	0.004477455	117.4143
318.5	0.004689564	76.26803
319	0.00496266	34.87709
319.5	0.004964876	-2.051162
320	0.004730721	-44.00311
320.5	0.004864031	-79.34038
321	0.004685595	-119.309
321.5	0.004695742	-156.9326
322	0.004684416	165.76
322.5	0.004386154	130.8423
323	0.004402315	94.19527
323.5	0.004171554	57.74216
324	0.004281599	22.47153
324.5	0.003947645	-6.154422
325	0.004450714	-45.35648
325.5	0.004764674	-83.97383
326	0.00505024	-121.8147
326.5	0.004805413	-161.6256
327	0.005167329	159.1491
327.5	0.004825023	116.22
328	0.004459395	82.95294
328.5	0.004013785	40.26728
329	0.00378638	8.010229
329.5	0.003632278	-25.71876
330	0.003483101	-62.16312
330.5	0.003666966	-98.87602
331	0.003191508	-127.1826
331.5	0.00359828	-161.4101
332	0.003670658	161.8499
332.5	0.00367091	130.1944
333	0.003885297	95.71165
333.5	0.004023083	55.85877
334	0.004256834	8.36305
334.5	0.004017791	-22.78433
335	0.003568618	-69.5976
335.5	0.003422417	-105.9638
336	0.003257131	-134.9542
336.5	0.002716859	-162.4585
337	0.003052789	164.4698
337.5	0.003035452	140.4852
338	0.004015209	97.72229
338.5	0.003568125	60.18278
339	0.003936542	15.93382
339.5	0.003876591	-21.10532
340	0.003956646	-57.81916
340.5	0.003490886	-106.2985
341	0.003769834	-129.7679
341.5	0.002860864	-171.0598
342	0.002996152	158.6348
342.5	0.00277422	124.8779
343	0.002735488	102.4388
343.5	0.002784389	64.71201
344	0.00315701	35.92474
344.5	0.003911193	-8.594949
345	0.004063767	-36.8615
345.5	0.004050812	-84.16293
346	0.004540388	-120.3544
346.5	0.004496153	-155.0957
347	0.004004535	164.0625
347.5	0.004387282	126.9663
348	0.004127972	89.8337
348.5	0.004388952	51.26331
349	0.004219418	10.35965
349.5	0.004235119	-26.48855
350	0.004152223	-60.51905
350.5	0.003917338	-93.58778
351	0.004306526	-131.0822
351.5	0.004304944	-159.7338
352	0.0044709	157.2576
352.5	0.004698247	115.4247
353	0.004989477	75.31866
353.5	0.004493537	30.59135
354	0.00451395	-9.489307
354.5	0.004048111	-50.17501
355	0.003763218	-77.45168
355.5	0.003094924	-116.9294
356	0.003104649	-147.6642
356.5	0.003105769	178.5779
357	0.002680072	146.1104
357.5	0.002918963	102.0688
358	0.002801856	70.7541
358.5	0.002909538	33.95985
359	0.002672499	3.350386
359.5	0.002825358	-27.59709
360	0.002926789	-57.74129
360.5	0.00287467	-89.5514
361	0.002834835	-130.5714
361.5	0.003173559	-160.8586
362	0.002870823	158.2874
362.5	0.003198088	119.3642
363	0.003477235	82.27522
363.5	0.003438459	51.79432
364	0.003714875	10.19197
364.5	0.003529437	-21.78457
365	0.003866116	-61.36885
365.5	0.003303302	-91.03181
366	0.003706336	-134.3592
366.5	0.003656691	-173.0613
367	0.004109038	151.7887
367.5	0.003849403	106.3121
368	0.004524584	71.87759
368.5	0.003834327	26.63381
369	0.00381405	-6.38238
369.5	0.00316141	-46.79636
370	0.002856422	-74.3865
370.5	0.002743924	-113.6208
371	0.002858741	-138.1169
371.5	0.003193499	174.6765
372	0.003135794	150.9651
372.5	0.003381424	102.5785
373	0.003386599	70.94188
373.5	0.00324397	36.06809
374	0.002943131	2.047539
374.5	0.003427465	-36.24267
375	0.002954685	-72.89593
375.5	0.003413341	-110.206
376	0.003146465	-150.7748
376.5	0.003214069	168.0104
377	0.002966527	134.0991
377.5	0.002789223	102.1093
378	0.002707389	64.42918
378.5	0.002685301	44.36489
379	0.002802994	2.435435
379.5	0.003019041	-28.87705
380	0.003311542	-62.81405
380.5	0.003503041	-104.9764
381	0.004106882	-149.1408
381.5	0.003705841	168.5667
382	0.003919272	130.5033
382.5	0.00341666	83.61884
383	0.003104406	46.41871
383.5	0.002538777	15.6047
384	0.002233602	-11.4821
384.5	0.002437207	-49.40899
385	0.002615368	-72.32005
385.5	0.002772125	-118.4527
386	0.002968194	-154.6752
386.5	0.00298485	164.9691
387	0.002869517	127.1109
387.5	0.002716465	86.88551
388	0.002386913	54.76619
388.5	0.002554977	26.49957
389	0.002207957	-16.52351
389.5	0.002405663	-53.01669
390	0.002249109	-83.43437
390.5	0.002038303	-119.6228
391	0.002295184	-161.9231
391.5	0.002077547	176.6275
392	0.002240313	142.2716
392.5	0.002258152	114.5225
393	0.002807427	72.78183
393.5	0.002871257	37.41773
394	0.003073128	-2.6095
394.5	0.002883592	-51.03033
395	0.003354124	-85.84781
395.5	0.002607733	-130.8903
396	0.002813024	-168.4417
396.5	0.002362789	157.1665
397	0.002412722	132.7386
397.5	0.002396039	88.8218
398	0.002498579	62.8279
398.5	0.002603844	19.22804
399	0.002722017	-8.863475
399.5	0.002838493	-65.42359
400	0.002881404	-95.52247
