Source File Name:	9,1,3
Signal:	FFT - Vib Velocity - Mag. & Phase

Frequency	Magnitude	Phase
[ Hz ]	[ m/s ]	[ ° ]
20	0.00252961	121.4243
20.5	0.003693668	91.07006
21	0.002593385	29.03929
21.5	0.003100134	0.9610339
22	0.003483601	-32.20168
22.5	0.003348836	-56.48867
23	0.00338536	-115.7618
23.5	0.003314801	-136.883
24	0.00325456	-169.5807
24.5	0.003150695	155.8539
25	0.003805368	110.0678
25.5	0.003446774	83.6104
26	0.003115887	32.91557
26.5	0.003231488	-2.668417
27	0.003760505	-33.12889
27.5	0.003427442	-72.30635
28	0.004032509	-107.5062
28.5	0.004066332	-148.9799
29	0.003543075	-177.3862
29.5	0.00396461	144.2549
30	0.004014834	100.7548
30.5	0.004074219	62.38689
31	0.004215842	25.2144
31.5	0.003959998	-6.831301
32	0.003973566	-41.48767
32.5	0.004370978	-78.14255
33	0.004932334	-117.1469
33.5	0.006001583	-139.7654
34	0.004608603	172.7383
34.5	0.004866247	130.0376
35	0.004910487	93.9858
35.5	0.005031404	58.06445
36	0.004926194	20.51173
36.5	0.005084442	-14.21221
37	0.005409177	-52.5273
37.5	0.005707735	-88.9967
38	0.005763793	-127.3239
38.5	0.005287646	-166.0937
39	0.005236969	157.7503
39.5	0.00510935	120.8772
40	0.004885781	89.87164
40.5	0.005544597	51.45277
41	0.005392306	17.39501
41.5	0.005562999	-16.07895
42	0.005780742	-54.52359
42.5	0.006207191	-92.72292
43	0.006194772	-128.5003
43.5	0.00632295	-161.4345
44	0.006284434	160.8141
44.5	0.006065698	124.9435
45	0.006865171	86.71726
45.5	0.006861089	49.98287
46	0.006950185	18.02479
46.5	0.007497677	-20.73042
47	0.007299676	-58.29455
47.5	0.007649827	-91.85464
48	0.007650676	-129.3845
48.5	0.007814313	-165.9421
49	0.009100328	163.0536
49.5	0.008540583	121.9976
50	0.008894906	86.04468
50.5	0.009184823	46.20831
51	0.009653742	12.42704
51.5	0.0104287	-27.14793
52	0.01010602	-64.28131
52.5	0.01056686	-100.7818
53	0.0110298	-142.0949
53.5	0.01118599	-174.7717
54	0.01146889	148.072
54.5	0.01126844	108.6558
55	0.01225641	71.31582
55.5	0.01239335	34.90862
56	0.01256226	-2.401654
56.5	0.01290952	-40.17602
57	0.01334124	-77.5337
57.5	0.01363986	-116.5788
58	0.01349672	-153.0663
58.5	0.01433607	171.3686
59	0.01429194	132.3179
59.5	0.01442824	94.2019
60	0.01495437	56.0265
60.5	0.01489956	19.07519
61	0.01531442	-16.79219
61.5	0.01567222	-54.28112
62	0.01590915	-90.8979
62.5	0.01626061	-129.3447
63	0.01730823	-166.4756
63.5	0.01772218	157.6768
64	0.01814903	119.1697
64.5	0.01882335	79.86922
65	0.01924278	40.84933
65.5	0.02024715	3.991746
66	0.0211275	-35.11218
66.5	0.0214354	-74.6404
67	0.02208073	-114.4262
67.5	0.02270582	-154.1985
68	0.0230094	166.2126
68.5	0.02368231	125.1937
69	0.023256	84.5965
69.5	0.02295291	44.79399
70	0.02296818	3.53922
70.5	0.02259903	-37.15744
71	0.02230899	-76.85171
71.5	0.02114677	-117.5861
72	0.02030586	-158.1116
72.5	0.0194456	160.3797
73	0.01787194	120.4168
73.5	0.01632616	82.10271
74	0.01461904	43.47666
74.5	0.01338424	5.82849
75	0.01246427	-31.45228
75.5	0.01152101	-61.68084
76	0.01085056	-98.3129
76.5	0.009500404	-137.2287
77	0.009124435	-168.1815
77.5	0.008810186	157.7458
78	0.008267081	127.7824
78.5	0.008516314	94.7391
79	0.007774319	63.34556
79.5	0.008206069	29.16724
80	0.008741939	-7.548742
80.5	0.008820263	-41.37314
81	0.008960618	-76.81539
81.5	0.008700125	-108.7392
82	0.00911876	-145.0797
82.5	0.008900899	176.9342
83	0.009307039	141.9619
83.5	0.009635597	108.565
84	0.009465299	74.6741
84.5	0.009855445	36.10864
85	0.01015886	-2.422167
85.5	0.01039836	-36.04107
86	0.01059291	-71.64648
86.5	0.01099119	-110.1474
87	0.0107293	-147.3965
87.5	0.01092028	175.8949
88	0.01132135	138.6319
88.5	0.0112579	102.7667
89	0.01129638	64.40261
89.5	0.01109606	25.87962
90	0.01126817	-8.49329
90.5	0.01166428	-47.10177
91	0.01134397	-85.37201
91.5	0.01130456	-120.2594
92	0.01087938	-158.7556
92.5	0.01061833	162.7893
93	0.01092853	127.1759
93.5	0.01068282	92.44085
94	0.01058411	58.15411
94.5	0.0100788	16.84963
95	0.009852744	-19.66517
95.5	0.01017408	-53.22353
96	0.01005778	-86.17352
96.5	0.009962492	-122.7088
97	0.009439032	-159.5541
97.5	0.009983331	167.6562
98	0.01044652	128.7162
98.5	0.01017804	93.85248
99	0.01021961	56.63584
99.5	0.009809541	23.09463
100	0.01041793	-12.05145
100.5	0.01099698	-51.74943
101	0.01090003	-85.58651
101.5	0.01099813	-122.9426
102	0.01070933	-159.256
102.5	0.01106356	164.4374
103	0.01118066	126.3916
103.5	0.01150411	90.73724
104	0.01181001	55.19238
104.5	0.01114512	17.57411
105	0.01173248	-21.34712
105.5	0.01188151	-58.69458
106	0.01159979	-92.7456
106.5	0.01141918	-129.8493
107	0.01143418	-166.7644
107.5	0.01179591	157.423
108	0.01179398	119.5161
108.5	0.01184474	84.20745
109	0.01179365	48.22229
109.5	0.01189795	11.41482
110	0.01208538	-26.75775
110.5	0.01237538	-64.50978
111	0.01234045	-100.43
111.5	0.01186267	-136.5441
112	0.0120831	-171.2947
112.5	0.01195831	150.4034
113	0.01222971	112.2641
113.5	0.01271565	77.10035
114	0.01254704	41.82648
114.5	0.01238878	4.192812
115	0.01266128	-35.27272
115.5	0.01269332	-71.43714
116	0.01280658	-107.6154
116.5	0.01278157	-142.5881
117	0.01265046	179.1889
117.5	0.01275879	140.5341
118	0.01286561	104.6609
118.5	0.01313459	67.52279
119	0.01275069	31.53388
119.5	0.0131098	-5.541376
120	0.01306201	-44.19897
120.5	0.01286726	-81.18857
121	0.01310915	-118.3856
121.5	0.01269423	-154.2026
122	0.01314974	170.0301
122.5	0.0129038	129.7278
123	0.01289704	93.0061
123.5	0.0130128	56.47181
124	0.01238095	19.58993
124.5	0.01249456	-15.8929
125	0.01253196	-55.7712
125.5	0.01272943	-91.11733
126	0.01288264	-127.7873
126.5	0.01254898	-163.9503
127	0.01222412	156.8661
127.5	0.01216397	118.2106
128	0.01211613	82.65012
128.5	0.01209556	45.15493
129	0.01197287	10.99912
129.5	0.01172307	-27.13411
130	0.01162205	-65.45724
130.5	0.01176579	-103.1294
131	0.0113325	-140.0346
131.5	0.01100684	-174.6772
132	0.01115022	148.6226
132.5	0.01077748	111.1531
133	0.01059412	72.93858
133.5	0.01064106	36.15725
134	0.01055543	2.934858
134.5	0.01025467	-33.58551
135	0.00976005	-74.34147
135.5	0.009883461	-108.5825
136	0.009950302	-142.7216
136.5	0.009581181	-178.9075
137	0.00950871	144.8322
137.5	0.009521224	107.9602
138	0.009540306	71.89481
138.5	0.009671914	35.46577
139	0.00953248	-0.7728264
139.5	0.00896352	-38.49318
140	0.008988804	-73.37042
140.5	0.0094505	-109.6353
141	0.00889027	-143.832
141.5	0.00925341	-179.0434
142	0.009152833	142.7435
142.5	0.008819489	106.8335
143	0.009018407	68.16223
143.5	0.009152309	33.51084
144	0.009334132	-0.3578126
144.5	0.008876165	-36.31376
145	0.008981882	-72.53695
145.5	0.009148018	-113.6191
146	0.009399102	-145.927
146.5	0.009539736	177.0389
147	0.008959469	139.9553
147.5	0.009235647	105.1387
148	0.009598183	65.313
148.5	0.009447917	30.65726
149	0.009692216	-7.592329
149.5	0.00924957	-44.65499
150	0.009280785	-79.57922
150.5	0.009464803	-117.3605
151	0.009517738	-155.1469
151.5	0.009528568	168.6529
152	0.009357076	134.6096
152.5	0.009536565	94.60295
153	0.009225913	56.28761
153.5	0.009258638	20.25072
154	0.009428131	-15.82966
154.5	0.009255683	-50.6705
155	0.009170074	-89.28518
155.5	0.008989199	-127.9502
156	0.009435287	-161.9051
156.5	0.009386013	162.3529
157	0.009089317	122.0159
157.5	0.008947596	84.60526
158	0.009059076	47.93899
158.5	0.009291073	11.24655
159	0.008995002	-23.88869
159.5	0.008986459	-61.72326
160	0.008828403	-100.2045
160.5	0.008783269	-138.759
161	0.008903999	-175.9384
161.5	0.008531128	147.7707
162	0.00846142	111.7234
162.5	0.008025388	73.48442
163	0.007711671	38.11652
163.5	0.008327599	1.219024
164	0.00869289	-36.72393
164.5	0.007898944	-72.55685
165	0.007610102	-114.7567
165.5	0.007502388	-149.4088
166	0.007630655	174.2371
166.5	0.007256529	137.4192
167	0.006952348	101.6719
167.5	0.006873366	65.60603
168	0.006791339	26.20069
168.5	0.006846999	-12.45004
169	0.006424398	-45.63064
169.5	0.006383549	-81.46792
170	0.005801242	-118.1138
170.5	0.006033522	-151.6536
171	0.006219857	170.5629
171.5	0.005953621	131.4331
172	0.005873056	95.87137
172.5	0.005460717	59.97727
173	0.005614258	24.4066
173.5	0.005582886	-14.71456
174	0.005405373	-48.05934
174.5	0.005108448	-78.99889
175	0.00513444	-119.241
175.5	0.005429636	-158.8902
176	0.005307069	160.9602
176.5	0.005115202	131.4035
177	0.004995016	97.00719
177.5	0.004701766	53.19561
178	0.004414708	16.82364
178.5	0.004678888	-19.81638
179	0.004343495	-53.9382
179.5	0.004343604	-84.08385
180	0.004141209	-123.9348
180.5	0.003785934	-163.7296
181	0.004022	163.0768
181.5	0.003905608	128.4538
182	0.003468809	95.06245
182.5	0.003672956	61.82743
183	0.00357553	20.46609
183.5	0.003199042	-12.01417
184	0.003671052	-46.79675
184.5	0.0037512	-82.68561
185	0.003188839	-108.8016
185.5	0.003282216	-153.0403
186	0.003305407	168.7964
186.5	0.003421743	139.4845
187	0.003400273	104.9029
187.5	0.00322165	66.7266
188	0.003382009	27.82718
188.5	0.003219618	-6.072132
189	0.003291242	-36.84427
189.5	0.003342518	-72.72051
190	0.003203758	-110.3665
190.5	0.002897807	-154.9268
191	0.003014114	179.8578
191.5	0.003503847	147.443
192	0.003260926	107.7026
192.5	0.003274331	75.3308
193	0.002950913	38.39985
193.5	0.003137248	-3.629755
194	0.003530636	-44.23721
194.5	0.002970339	-70.52194
195	0.003107253	-99.10365
195.5	0.002768423	-139.5222
196	0.002994734	-174.9271
196.5	0.003281801	144.9585
197	0.00323266	115.8236
197.5	0.003185278	83.09043
198	0.003068405	42.83195
198.5	0.003200831	2.566514
199	0.003427743	-29.42223
199.5	0.003621291	-61.24162
200	0.003222457	-102.4628
200.5	0.003219721	-135.9264
201	0.003470569	-172.6095
201.5	0.003233078	151.1413
202	0.003638336	114.6279
202.5	0.003706135	78.82692
203	0.003475369	43.35934
203.5	0.003344279	4.923172
204	0.003749129	-30.96321
204.5	0.003632794	-67.30214
205	0.003593734	-100.8014
205.5	0.003601762	-137.3737
206	0.003492439	177.9693
206.5	0.00392275	145.2376
207	0.003585439	112.958
207.5	0.003359944	80.18519
208	0.003465916	43.31862
208.5	0.003745585	2.521749
209	0.003779717	-35.40111
209.5	0.004059691	-67.45158
210	0.003998104	-102.597
210.5	0.00378202	-142.0657
211	0.003748433	-178.7143
211.5	0.003986452	143.3135
212	0.004326534	105.2357
212.5	0.003734703	69.99052
213	0.004062463	34.52732
213.5	0.003861653	-2.322734
214	0.003940983	-44.28439
214.5	0.004331946	-80.43047
215	0.003819387	-110.9473
215.5	0.003625155	-145.7948
216	0.003719705	167.9425
216.5	0.004052166	135.8652
217	0.003886939	101.4786
217.5	0.004028899	65.5858
218	0.004184771	27.39252
218.5	0.00401138	-16.1611
219	0.003506939	-52.26781
219.5	0.003780525	-85.10534
220	0.003635984	-117.9691
220.5	0.003564536	-153.598
221	0.004001015	167.429
221.5	0.004000254	128.5423
222	0.003985589	94.2309
222.5	0.003827125	52.68258
223	0.003291851	16.15645
223.5	0.003603083	-16.49396
224	0.003765234	-58.09162
224.5	0.003646442	-89.58082
225	0.003724346	-121.784
225.5	0.003546397	-163.3658
226	0.003355404	158.7025
226.5	0.003419273	121.3449
227	0.003689802	85.20747
227.5	0.003699673	53.14159
228	0.003427942	17.0794
228.5	0.003325669	-27.10496
229	0.003403172	-59.56563
229.5	0.003672688	-94.97197
230	0.003487376	-133.8905
230.5	0.00322076	-168.3373
231	0.003229433	155.1181
231.5	0.003314072	114.9871
232	0.003361974	77.27982
232.5	0.003257453	49.27972
233	0.003210244	13.41576
233.5	0.003436842	-28.49147
234	0.003376546	-67.50343
234.5	0.003157897	-107.3375
235	0.003199671	-139.0059
235.5	0.002987231	-173.8624
236	0.002899059	150.8945
236.5	0.003086847	110.1969
237	0.003089533	80.72627
237.5	0.003287364	40.20658
238	0.002817168	1.10766
238.5	0.002846727	-34.83042
239	0.003268236	-75.20547
239.5	0.002838925	-105.8048
240	0.003068011	-137.3412
240.5	0.002692653	-179.2675
241	0.00264073	137.6608
241.5	0.002779628	101.1611
242	0.002669534	76.89357
242.5	0.002558185	38.89273
243	0.002946183	2.063232
243.5	0.002700276	-32.18732
244	0.002507475	-74.83056
244.5	0.002775349	-109.9381
245	0.002916566	-142.7674
245.5	0.002713896	-176.9782
246	0.002659066	139.0687
246.5	0.002688834	105.8486
247	0.00271934	66.75373
247.5	0.002915341	33.73217
248	0.002861817	-5.946548
248.5	0.002454372	-45.77525
249	0.002398016	-78.81025
249.5	0.002865231	-116.167
250	0.002894539	-151.5943
250.5	0.002487984	163.6739
251	0.002268858	130.3918
251.5	0.002571056	99.96789
252	0.002509756	57.40645
252.5	0.002115043	16.88541
253	0.002416442	-18.64733
253.5	0.00177149	-45.52683
254	0.002109292	-82.62756
254.5	0.002241393	-118.236
255	0.002036178	-146.5467
255.5	0.002582265	176.6361
256	0.002111814	126.0219
256.5	0.00202989	88.42538
257	0.002449515	53.38551
257.5	0.002219019	25.70507
258	0.001593462	-9.907298
258.5	0.00189992	-45.35765
259	0.002159472	-80.4798
259.5	0.002352937	-121.9841
260	0.002171761	-159.0287
260.5	0.001956777	163.9911
261	0.002095385	134.9552
261.5	0.00213138	90.86233
262	0.002076032	47.88006
262.5	0.002088784	21.95022
263	0.002030372	-17.46957
263.5	0.002036978	-60.27016
264	0.001960773	-92.53632
264.5	0.001920427	-132.4027
265	0.00187624	-175.5912
265.5	0.0017854	163.0819
266	0.001716031	124.636
266.5	0.001790094	78.85721
267	0.001534694	45.81051
267.5	0.001603531	15.10881
268	0.001647152	-20.75938
268.5	0.001922702	-62.52839
269	0.001593227	-100.6688
269.5	0.001217644	-136.64
270	0.001382817	-158.7221
270.5	0.001408974	168.5006
271	0.001583638	121.6012
271.5	0.001422309	88.28996
272	0.001738322	57.96915
272.5	0.001681859	9.919245
273	0.001451422	-14.44242
273.5	0.001596416	-55.16235
274	0.001140498	-92.46706
274.5	0.001703006	-134.8294
275	0.001564124	-164.6137
275.5	0.001677753	169.9993
276	0.001681362	113.8582
276.5	0.001268306	72.11028
277	0.00133663	53.55417
277.5	0.001442606	3.215255
278	0.00161223	-25.26846
278.5	0.001248513	-61.90284
279	0.001077141	-97.86223
279.5	0.001256026	-130.4151
280	0.001547659	-170.7716
280.5	0.001020945	154.367
281	0.001089894	135.9871
281.5	0.001509643	84.99504
282	0.001124212	50.76279
282.5	0.001200375	17.93566
283	0.001484872	-18.17044
283.5	0.00134894	-52.41024
284	0.00151308	-99.20246
284.5	0.001393567	-128.6309
285	0.001198775	-171.2145
285.5	0.001205487	152.4796
286	0.001273665	116.8658
286.5	0.001175003	78.37524
287	0.001374326	53.46825
287.5	0.001334854	8.633101
288	0.001110949	-29.11003
288.5	0.001278665	-60.45465
289	0.001236113	-97.2449
289.5	0.001128331	-143.2954
290	0.001198018	-171.3807
290.5	0.00124247	152.8935
291	0.001353305	123.2764
291.5	0.0008975742	72.85972
292	0.001017579	25.70804
292.5	0.001115628	26.62208
293	0.001156724	-28.72122
293.5	0.001069187	-62.74175
294	0.001412534	-93.23515
294.5	0.0009059185	-125.2395
295	0.0009905373	-179.6662
295.5	0.001308851	147.2622
296	0.0008806309	119.0542
296.5	0.001070031	102.4677
297	0.00103028	49.4073
297.5	0.001347939	14.14345
298	0.001301705	-35.38283
298.5	0.001145129	-61.00259
299	0.0009991112	-87.95346
299.5	0.001112803	-136.7646
300	0.00125814	-167.9959
300.5	0.001058627	145.919
301	0.001197105	130.0278
301.5	0.00138114	75.51322
302	0.00139158	32.97632
302.5	0.001193449	11.32882
303	0.001073718	-44.94487
303.5	0.001215532	-70.68218
304	0.001138709	-110.548
304.5	0.001068752	-149.6171
305	0.0011871	179.8226
305.5	0.001175514	144.1744
306	0.0008564183	95.53345
306.5	0.001161366	70.81976
307	0.0007792239	42.54647
307.5	0.001203238	-11.15109
308	0.001071932	-40.80445
308.5	0.0009299179	-61.75757
309	0.001318634	-102.3272
309.5	0.001155046	-155.4542
310	0.001147747	166.1565
310.5	0.0009179181	129.4274
311	0.0009125933	84.85033
311.5	0.00110054	65.60331
312	0.0008130193	30.64866
312.5	0.0005628699	-7.546357
313	0.001055599	-35.27264
313.5	0.001435786	-90.588
314	0.0005142615	-131.692
314.5	0.0008956522	-133.0195
315	0.0007033154	174.3432
315.5	0.0009585033	136.6637
316	0.001196526	96.82661
316.5	0.0006594804	56.73234
317	0.001117807	51.89791
317.5	0.001131876	-24.24867
318	0.0008425818	-51.8256
318.5	0.0006414443	-90.41291
319	0.001011333	-100.2826
319.5	0.001184886	-145.5438
320	0.001080594	156.2817
320.5	0.001030686	128.0935
321	0.0009124987	92.58846
321.5	0.0008099668	69.10142
322	0.001223102	6.423565
322.5	0.0009510911	-29.22768
323	0.0009353817	-51.85396
323.5	0.0009831868	-104.1482
324	0.0008160213	-126.437
324.5	0.0008371079	-164.2117
325	0.0008022047	132.8221
325.5	0.000920635	103.1142
326	0.0007131667	94.81497
326.5	0.0005953649	33.99653
327	0.0007929238	10.30527
327.5	0.0006084872	-9.553804
328	0.0006520075	-46.42745
328.5	0.0007924404	-93.68182
329	0.001180163	-133.0529
329.5	0.0009086208	-174.3735
330	0.0005158244	142.1282
330.5	0.0005634386	97.9659
331	0.0006962873	84.9752
331.5	0.0006695531	56.20132
332	0.001019821	14.58405
332.5	0.0006704806	-31.20073
333	0.0004530809	-75.1146
333.5	0.0009292965	-90.19655
334	0.0009764936	-141.7548
334.5	0.0006358946	173.9363
335	0.0007792745	151.2947
335.5	0.0005364654	125.713
336	0.0009914556	65.35515
336.5	0.0009557738	24.33111
337	0.0004743276	-30.99084
337.5	0.0005684319	-17.19796
338	0.0008628568	-80.98425
338.5	0.000833179	-127.4255
339	0.0005378654	-145.6821
339.5	0.000369682	156.7697
340	0.0004312292	142.7819
340.5	0.0006766077	92.31572
341	0.0006081469	67.36762
341.5	0.0007717737	35.61346
342	0.0004495059	-23.21388
342.5	0.0003174797	-71.40015
343	0.0004939809	-90.38684
343.5	0.0005931931	-51.97413
344	0.0006880768	-156.0481
344.5	0.0005703307	-163.5876
345	0.0008712943	157.6754
345.5	0.0007627218	96.28257
346	0.0005678158	40.19613
346.5	0.0007675224	26.7664
347	0.0004223457	-17.14799
347.5	0.000904948	-37.57575
348	0.000561266	-97.80893
348.5	0.0005884791	-139.4698
349	0.0007654409	-164.5546
349.5	0.0004421355	141.6906
350	0.0003937719	141.1265
350.5	0.0005192049	88.80708
351	0.0005244182	29.27152
351.5	0.0005453071	10.94369
352	0.00059698	-37.37948
352.5	0.0005413119	-48.14298
353	0.0003117918	-94.21175
353.5	0.0002673574	169.7385
354	0.0004300034	-162.3061
354.5	0.0006787421	-171.2981
355	0.0001779172	66.2101
355.5	0.0004459895	81.43808
356	0.0006070055	96.27099
356.5	0.0006275009	15.48088
357	0.0006986461	-1.696888
357.5	0.0005765049	-74.04568
358	0.0002847119	-87.54139
358.5	0.0007603212	-145.4406
359	0.0005608401	-174.1384
359.5	0.0005075584	-165.0657
360	0.0005837597	114.3964
360.5	0.0005463256	65.84798
361	0.0008050784	38.2643
361.5	0.000330522	-19.38105
362	0.0006768708	-35.32864
362.5	0.0005383668	-64.48111
363	0.0004541352	-115.7872
363.5	0.0007983508	-157.2172
364	0.0004887634	151.6299
364.5	0.0007964176	114.0814
365	0.0002304805	-13.58472
365.5	0.0004167635	80.78192
366	0.0004442603	-3.483976
366.5	0.0002174528	-48.71059
367	0.0007408324	-13.93009
367.5	0.0005853066	-115.6237
368	0.0004907282	-116.4227
368.5	0.0003870374	112.2449
369	1.675093e-5	-20.3388
369.5	0.0004464668	129.9608
370	0.0004508654	120.5144
370.5	0.0003368653	115.811
371	0.0005140456	1.355524
371.5	0.0004379899	-7.624329
372	0.0003333693	-52.81365
372.5	0.0001879461	-89.81973
373	0.0003954345	-97.59856
373.5	0.0005546538	-161.0005
374	0.0004160993	147.6657
374.5	0.0005921398	160.3394
375	0.0008021054	108.6116
375.5	0.0007190096	-14.33602
376	0.0006974633	-26.21938
376.5	0.0003277012	-47.5901
377	0.0002216859	-91.94296
377.5	0.0002753137	-72.7875
378	0.0001499996	-158.6395
378.5	0.0001263245	-136.9769
379	0.0006129844	153.0944
379.5	0.000621689	99.17638
380	0.0002401493	51.21812
380.5	0.0001649222	-55.61092
381	0.0003757105	-27.18125
381.5	9.720589e-5	-51.37323
382	0.0002340996	10.79645
382.5	0.0006031762	-84.19331
383	0.0002905673	-143.8896
383.5	0.0002546723	115.7279
384	0.0004326619	144.3296
384.5	7.444488e-5	-118.3378
385	0.0003445021	90.60554
385.5	0.0004876376	48.72824
386	0.0002908617	48.36816
386.5	0.0004402044	-31.16457
387	0.0005937836	-105.718
387.5	0.0003376829	-82.27494
388	0.0002870154	177.3242
388.5	8.585773e-5	134.3226
389	0.0004439378	127.0942
389.5	0.0003329288	144.127
390	0.0002585461	107.8934
390.5	0.0003758513	29.41162
391	0.0001375961	-28.95727
391.5	0.0004653279	-52.14603
392	0.0005660332	-70.79602
392.5	0.0004860319	-84.39561
393	0.0003367347	178.5031
393.5	0.0001565493	116.0372
394	0.0004786323	115.9711
394.5	0.0003527351	103.5388
395	0.0005524911	56.17681
395.5	0.0003020336	-1.592514
396	0.0003094011	-121.0231
396.5	0.0007037618	-42.37906
397	0.0002282805	-114.7425
397.5	0.0003285892	-135.0342
398	0.0001470634	174.2444
398.5	0.0001278244	-169.6159
399	0.0004327162	129.6494
399.5	0.0007605088	75.24477
400	0.0001910697	42.44265
