Source File Name:	9,2,4
Signal:	FFT - Vib Velocity - Mag. & Phase

Frequency	Magnitude	Phase
[ Hz ]	[ m/s ]	[ ° ]
20	0.03940117	96.12421
20.5	0.03506928	56.32908
21	0.03127805	17.24952
21.5	0.0277895	-22.16483
22	0.02474835	-59.08205
22.5	0.0216454	-98.43541
23	0.01949264	-134.7296
23.5	0.01757218	-172.4577
24	0.01718841	149.6524
24.5	0.01655294	112.0467
25	0.01614317	74.72189
25.5	0.01600746	34.29874
26	0.01509182	-4.339602
26.5	0.0134138	-44.31659
27	0.01192477	-80.20708
27.5	0.01103409	-112.2951
28	0.01057225	-144.827
28.5	0.01033968	-179.6549
29	0.01088143	144.6533
29.5	0.01160438	106.9184
30	0.01227949	70.10883
30.5	0.01283982	32.03956
31	0.01272894	-10.30161
31.5	0.01244633	-52.19807
32	0.0113671	-93.31646
32.5	0.01035603	-129.5307
33	0.009846061	-163.3321
33.5	0.009149594	156.4626
34	0.01022412	129.8318
34.5	0.0113783	91.46532
35	0.01236344	51.82587
35.5	0.01280028	12.46688
36	0.01313203	-29.27054
36.5	0.0129847	-72.91583
37	0.01262619	-116.6752
37.5	0.01103389	-156.9175
38	0.01048301	163.8592
38.5	0.009557709	128.9694
39	0.009389726	96.75191
39.5	0.009475649	62.43912
40	0.01053136	24.06359
40.5	0.01067828	-15.46231
41	0.01065517	-55.18469
41.5	0.01031844	-93.97753
42	0.01031363	-131.8624
42.5	0.009941208	-169.0947
43	0.01027688	153.4292
43.5	0.01041573	114.8879
44	0.01109288	80.52417
44.5	0.01140801	42.05222
45	0.0123221	2.01087
45.5	0.01296235	-41.88786
46	0.01335527	-84.26096
46.5	0.01258665	-127.9005
47	0.01200502	-168.3984
47.5	0.01086083	151.9285
48	0.01064255	117.098
48.5	0.01065961	77.84546
49	0.0109343	38.83669
49.5	0.01048636	6.363586
50	0.01075546	-27.53227
50.5	0.0118511	-68.25555
51	0.01272344	-107.0038
51.5	0.01348129	-151.0074
52	0.01318261	166.7944
52.5	0.0129649	122.3673
53	0.01191182	83.9878
53.5	0.01166515	45.81348
54	0.01108797	10.26426
54.5	0.01168205	-27.14807
55	0.01152525	-61.85378
55.5	0.01233999	-99.9295
56	0.01305393	-138.9222
56.5	0.01419426	-179.2365
57	0.01482395	138.5153
57.5	0.01522528	94.49244
58	0.01443478	52.91805
58.5	0.01411586	13.32264
59	0.01340558	-24.55049
59.5	0.01395373	-62.37118
60	0.01414511	-99.22302
60.5	0.01491148	-136.9369
61	0.01525601	-178.4298
61.5	0.01655116	140.9222
62	0.01683731	100.765
62.5	0.01796087	59.14016
63	0.01809151	15.32505
63.5	0.01787002	-26.68265
64	0.01705813	-69.00954
64.5	0.01677349	-107.8946
65	0.01666087	-146.6996
65.5	0.0168606	175.708
66	0.01748358	135.3239
66.5	0.0182147	93.40331
67	0.01856842	52.03165
67.5	0.01858774	11.30741
68	0.01865334	-30.95889
68.5	0.01912028	-72.04198
69	0.01859599	-115.2732
69.5	0.01838568	-157.1812
70	0.01753333	159.4386
70.5	0.01667019	121.3174
71	0.01592944	81.0888
71.5	0.01569412	43.8802
72	0.01565764	2.575042
72.5	0.01538315	-35.22376
73	0.01534794	-76.38934
73.5	0.01491392	-113.7291
74	0.01529486	-153.9189
74.5	0.01470994	167.2498
75	0.01540808	125.8152
75.5	0.01493478	86.13172
76	0.01494645	48.39195
76.5	0.01460627	10.43147
77	0.01543152	-29.92204
77.5	0.01589457	-70.1944
78	0.01644718	-111.928
78.5	0.01630819	-154.3571
79	0.01618234	163.0372
79.5	0.0151119	122.4892
80	0.0150667	81.48421
80.5	0.014492	41.01541
81	0.01427674	1.528267
81.5	0.01317949	-36.07602
82	0.0134318	-73.87434
82.5	0.01336477	-112.8904
83	0.01446522	-150.4664
83.5	0.01463256	166.8321
84	0.01566634	125.087
84.5	0.01507952	80.23114
85	0.0143724	39.77232
85.5	0.01388421	-4.702736
86	0.01352951	-42.68845
86.5	0.01296323	-84.61883
87	0.01219257	-122.9966
87.5	0.01175176	-164.2447
88	0.01129284	157.1451
88.5	0.01109929	118.3234
89	0.01109918	81.57
89.5	0.01155523	41.25505
90	0.0112236	1.662131
90.5	0.01105093	-41.29356
91	0.01118462	-82.2107
91.5	0.01107169	-122.7821
92	0.01056061	-161.0119
92.5	0.01045071	156.2159
93	0.01012109	116.7659
93.5	0.009976425	74.27536
94	0.00971763	37.85609
94.5	0.01009612	-3.222884
95	0.009962395	-43.26592
95.5	0.01004898	-87.05145
96	0.00959325	-131.9687
96.5	0.009574002	-175.7903
97	0.008404193	143.6503
97.5	0.007577417	105.1525
98	0.007029282	67.90951
98.5	0.007251783	30.85649
99	0.00709672	-7.825761
99.5	0.007732352	-46.9432
100	0.007905501	-86.66911
100.5	0.00818393	-128.9999
101	0.007970304	-174.7552
101.5	0.008507302	138.3722
102	0.008104492	92.85166
102.5	0.007375026	48.5087
103	0.005908082	3.123528
103.5	0.005529057	-34.95529
104	0.004657105	-75.98791
104.5	0.004588028	-106.0491
105	0.004607068	-142.88
105.5	0.004725366	-175.3015
106	0.00429726	142.791
106.5	0.004900733	107.2654
107	0.005735831	63.77049
107.5	0.006171557	25.31736
108	0.005988389	-22.47572
108.5	0.006010768	-63.36815
109	0.006007832	-111.265
109.5	0.005795344	-150.9308
110	0.005863402	166.5206
110.5	0.005817472	131.0267
111	0.005827568	86.77749
111.5	0.005487371	45.49763
112	0.00583289	2.854208
112.5	0.006121131	-31.91275
113	0.006440608	-74.13597
113.5	0.006215993	-116.3862
114	0.006563921	-160.8242
114.5	0.00607998	157.0327
115	0.00640311	116.6261
115.5	0.006144417	82.15245
116	0.006697504	45.07452
116.5	0.006755056	3.08374
117	0.007504686	-42.02279
117.5	0.00782692	-85.34091
118	0.008157856	-127.0702
118.5	0.007268813	-170.1621
119	0.007402393	148.0667
119.5	0.007240673	104.7759
120	0.007081334	63.55673
120.5	0.006574741	23.46738
121	0.006381341	-8.861297
121.5	0.005923105	-47.16669
122	0.006239294	-84.57663
122.5	0.006704745	-125.0846
123	0.007365092	-162.5252
123.5	0.007179595	155.5397
124	0.006989739	116.2828
124.5	0.006985532	75.01978
125	0.007271159	36.80431
125.5	0.007296527	-6.146194
126	0.007431315	-44.97675
126.5	0.007088906	-82.70877
127	0.006881725	-122.6212
127.5	0.00684466	-164.2091
128	0.00750793	157.6298
128.5	0.007518725	114.9952
129	0.007186236	74.03384
129.5	0.006379752	29.86779
130	0.005905815	-6.76328
130.5	0.005613063	-49.34391
131	0.005254378	-82.56771
131.5	0.005054349	-119.3587
132	0.004507134	-148.4687
132.5	0.003999211	170.9435
133	0.004343221	145.6327
133.5	0.005491126	106.9004
134	0.005986163	69.603
134.5	0.006160509	24.5297
135	0.005790837	-18.75704
135.5	0.005584676	-63.64859
136	0.004882433	-105.1033
136.5	0.004411433	-141.6426
137	0.003904194	-169.8127
137.5	0.003549603	159.6079
138	0.003465927	130.133
138.5	0.003913086	93.51977
139	0.004820914	60.58738
139.5	0.00508705	16.72534
140	0.005057173	-20.68509
140.5	0.00481742	-66.31268
141	0.004445355	-99.98381
141.5	0.004191807	-141.6653
142	0.004431501	-171.6916
142.5	0.004836996	148.7052
143	0.004380399	117.7847
143.5	0.004367808	74.09609
144	0.004187594	39.10625
144.5	0.004660786	0.7775352
145	0.004425004	-31.95427
145.5	0.004875199	-69.27529
146	0.004479805	-107.5454
146.5	0.004415376	-143.8431
147	0.004558906	-179.3689
147.5	0.005318176	140.4184
148	0.005593486	104.433
148.5	0.005426874	63.9255
149	0.005391782	20.91652
149.5	0.005431634	-22.9291
150	0.005358386	-59.60791
150.5	0.005243545	-102.4283
151	0.004923058	-141.2566
151.5	0.004366845	172.0757
152	0.003313106	136.4643
152.5	0.003017911	102.7404
153	0.002722635	82.20858
153.5	0.003326697	54.56016
154	0.003485336	27.42188
154.5	0.004271493	-21.21248
155	0.004144177	-63.40333
155.5	0.004380777	-106.0793
156	0.004040675	-149.0205
156.5	0.003910065	167.9813
157	0.002991416	132.3978
157.5	0.002584552	97.03307
158	0.002394774	65.76704
158.5	0.002494125	27.89731
159	0.002537871	4.061219
159.5	0.00240862	-29.80533
160	0.002036849	-65.14929
160.5	0.002030593	-99.3134
161	0.002344348	-118.604
161.5	0.00277647	-162.6919
162	0.003148843	168.0609
162.5	0.003516421	121.5919
163	0.003041249	85.55814
163.5	0.003262874	33.51592
164	0.002817536	0.950627
164.5	0.002969972	-36.68881
165	0.00230782	-64.66511
165.5	0.002281701	-106.5651
166	0.002070177	-132.2678
166.5	0.002360561	-164.5486
167	0.002197754	168.6223
167.5	0.002821005	134.5013
168	0.003281487	101.7338
168.5	0.003604725	59.12614
169	0.003692931	19.60866
169.5	0.004273911	-25.69056
170	0.00417691	-66.6524
170.5	0.004082826	-112.774
171	0.003597092	-150.5852
171.5	0.003391181	164.9536
172	0.002433213	136.5651
172.5	0.002474078	99.56805
173	0.002654276	83.6345
173.5	0.003373786	41.91095
174	0.00323458	10.37457
174.5	0.003658107	-39.92792
175	0.00331684	-84.76977
175.5	0.003306905	-125.1779
176	0.002473627	-158.4477
176.5	0.002473545	165.6477
177	0.001765826	140.4968
177.5	0.002139312	115.1575
178	0.002246636	87.34941
178.5	0.003239603	45.8473
179	0.003029828	9.768793
179.5	0.003170593	-33.05786
180	0.002875057	-71.68112
180.5	0.002873817	-115.3736
181	0.002576839	-137.8374
181.5	0.002873249	-171.9084
182	0.002836338	151.1191
182.5	0.002984685	110.5141
183	0.002866741	86.94369
183.5	0.003129598	45.56615
184	0.003263445	11.71096
184.5	0.003841493	-26.05665
185	0.003700026	-62.78397
185.5	0.004109787	-107.0214
186	0.003605392	-141.9225
186.5	0.003812409	177.5381
187	0.003478235	146.8038
187.5	0.003887094	109.1365
188	0.003867308	81.9094
188.5	0.004518891	43.50372
189	0.004410684	6.839741
189.5	0.005426664	-36.74961
190	0.005679339	-75.15422
190.5	0.005727412	-118.4182
191	0.005291987	-159.5552
191.5	0.005439018	160.9758
192	0.005001044	123.3894
192.5	0.00542184	86.37828
193	0.005053697	50.45583
193.5	0.005515764	12.59202
194	0.005229867	-29.09116
194.5	0.005292633	-68.42474
195	0.004966469	-104.3614
195.5	0.005379754	-141.1538
196	0.004745454	-179.1469
196.5	0.004994662	142.8214
197	0.004882501	109.5848
197.5	0.005314372	72.22866
198	0.005111036	34.48893
198.5	0.005882044	-5.975394
199	0.005584551	-47.45304
199.5	0.005595099	-87.65903
200	0.004808577	-128.6496
200.5	0.004999452	-163.2938
201	0.004554626	157.6108
201.5	0.004839957	125.6055
202	0.004404766	85.92657
202.5	0.004732189	51.74707
203	0.004084259	11.32214
203.5	0.004553219	-18.74132
204	0.004638677	-59.10765
204.5	0.004979756	-91.18487
205	0.004633339	-132.3915
205.5	0.005015207	-171.1371
206	0.005208229	147.2595
206.5	0.005118466	108.6448
207	0.004488204	67.34148
207.5	0.00439978	34.14479
208	0.003952352	-5.150095
208.5	0.004112633	-33.77524
209	0.004271839	-68.33056
209.5	0.004918489	-104.9828
210	0.004743058	-148.4294
210.5	0.004919122	176.0965
211	0.004604752	131.9106
211.5	0.00479899	100.1996
212	0.004389023	61.4339
212.5	0.004696784	28.50683
213	0.004887453	-12.95002
213.5	0.005105566	-43.85652
214	0.005270013	-89.01062
214.5	0.005420801	-126.1422
215	0.005521774	-170.9901
215.5	0.00530828	152.4249
216	0.005198764	113.1985
216.5	0.004717443	74.83401
217	0.004730935	36.92612
217.5	0.004918886	5.438828
218	0.005072401	-34.62907
218.5	0.005321495	-70.54134
219	0.005346326	-110.222
219.5	0.005547593	-150.9974
220	0.005827243	164.5576
220.5	0.0056721	126.605
221	0.00517353	84.28831
221.5	0.004971109	47.88786
222	0.004684462	2.02527
222.5	0.004264456	-27.86735
223	0.004325926	-65.60424
223.5	0.003814244	-97.72868
224	0.004069475	-135.6291
224.5	0.004218542	-162.2238
225	0.004891278	156.3755
225.5	0.005158201	117.0436
226	0.005711585	74.44759
226.5	0.00562441	31.29787
227	0.005656445	-14.16679
227.5	0.005102945	-55.19172
228	0.004669228	-95.05344
228.5	0.004271942	-133.6303
229	0.004101271	-171.5736
229.5	0.003784303	157.5997
230	0.003847124	123.1076
230.5	0.003772282	87.22227
231	0.003977372	43.62477
231.5	0.003979111	11.86552
232	0.004127581	-29.4868
232.5	0.00356398	-61.01809
233	0.004032668	-103.1321
233.5	0.003850581	-136.4006
234	0.004495989	-178.8139
234.5	0.004087513	141.3271
235	0.004207132	104.9991
235.5	0.00370247	64.5926
236	0.003932956	27.72947
236.5	0.003738751	-9.146442
237	0.004138965	-43.58944
237.5	0.003690807	-85.16978
238	0.003735662	-117.7321
238.5	0.003915959	-158.3806
239	0.004277625	168.0973
239.5	0.004033793	126.6803
240	0.004292873	85.73568
240.5	0.004326511	47.88505
241	0.004131977	8.299784
241.5	0.003983651	-29.13061
242	0.004239081	-68.32726
242.5	0.0039585	-108.03
243	0.004040346	-148.97
243.5	0.00355601	176.7283
244	0.003726238	142.8144
244.5	0.00348378	104.2017
245	0.003620694	69.876
245.5	0.003832907	28.17764
246	0.004100913	-3.589609
246.5	0.003615221	-43.64212
247	0.003902754	-82.71909
247.5	0.004077205	-125.2586
248	0.003998843	-161.8499
248.5	0.003629928	156.8401
249	0.003587003	125.746
249.5	0.003598953	86.83355
250	0.003649617	49.42836
250.5	0.003984055	14.35406
251	0.004185904	-30.67591
251.5	0.003892535	-71.29429
252	0.00348485	-111.889
252.5	0.003278723	-151.1874
253	0.003243342	174.0177
253.5	0.002649668	140.678
254	0.002614394	109.221
254.5	0.002781349	74.15614
255	0.003215794	43.95834
255.5	0.00299975	5.505529
256	0.003405404	-33.92374
256.5	0.003349767	-79.51562
257	0.003493802	-116.6261
257.5	0.002907938	-156.3148
258	0.002929964	168.9131
258.5	0.002614249	128.4554
259	0.002470096	99.65958
259.5	0.002411048	62.24146
260	0.002574397	35.31886
260.5	0.002750403	4.996253
261	0.002873039	-30.19114
261.5	0.0029933	-76.27142
262	0.003485644	-110.6125
262.5	0.003463829	-147.9289
263	0.003540205	173.9422
263.5	0.003493348	126.0832
264	0.003500374	93.54878
264.5	0.003406524	52.46764
265	0.003309373	13.33237
265.5	0.003004558	-23.30943
266	0.003089834	-55.16499
266.5	0.003003959	-94.729
267	0.003008497	-131.5003
267.5	0.003012527	-168.0175
268	0.002935145	161.2522
268.5	0.002829139	117.088
269	0.002821183	85.61708
269.5	0.003018285	57.08062
270	0.003043395	26.1083
270.5	0.003543603	-19.61599
271	0.004028018	-56.55343
271.5	0.004285848	-99.75285
272	0.004161927	-142.0461
272.5	0.003820369	172.7535
273	0.003691757	134.0818
273.5	0.003579663	95.64724
274	0.003151873	57.5628
274.5	0.003148488	22.69279
275	0.002991805	-14.67693
275.5	0.002554291	-52.07787
276	0.002534845	-92.35329
276.5	0.00259405	-115.7408
277	0.002559117	-148.3137
277.5	0.002307584	172.4557
278	0.002713487	139.8803
278.5	0.002991665	100.8092
279	0.00299303	62.94827
279.5	0.002654373	19.46816
280	0.002795332	-19.11094
280.5	0.002417684	-56.2206
281	0.002141055	-84.52482
281.5	0.001921902	-118.5861
282	0.002534836	-144.7917
282.5	0.002580935	177.7731
283	0.002694883	138.2014
283.5	0.002952824	98.46366
284	0.002920805	65.46558
284.5	0.002865778	25.09847
285	0.002965561	-18.41873
285.5	0.00317504	-57.43534
286	0.002866769	-92.31615
286.5	0.00233584	-130.1015
287	0.002539208	-167.3553
287.5	0.002410349	154.8692
288	0.002443989	128.0667
288.5	0.002093859	89.61513
289	0.002252988	62.65858
289.5	0.00229768	35.89136
290	0.003099794	2.656492
290.5	0.003469974	-45.2604
291	0.003957138	-86.54812
291.5	0.003649629	-129.5941
292	0.003550676	-168.2193
292.5	0.003735633	144.186
293	0.003337561	113.4739
293.5	0.003361606	72.63201
294	0.002952352	34.18397
294.5	0.003237244	-3.718297
295	0.002964424	-34.29977
295.5	0.003160394	-70.79106
296	0.00309061	-114.2436
296.5	0.003147417	-154.004
297	0.003040613	173.0524
297.5	0.002841084	136.7593
298	0.00310316	96.36599
298.5	0.003002118	63.52549
299	0.00301866	19.74936
299.5	0.002896719	-23.65866
300	0.002808089	-55.50796
300.5	0.002377162	-83.40171
301	0.002517954	-119.442
301.5	0.002679447	-163.6579
302	0.003003912	166.6883
302.5	0.003022085	123.5747
303	0.002604703	85.86509
303.5	0.002797613	41.07024
304	0.002604076	10.8591
304.5	0.002472716	-30.47774
305	0.002336229	-71.05723
305.5	0.002277579	-98.50685
306	0.002164463	-128.531
306.5	0.002223165	-166.6583
307	0.002693234	155.7408
307.5	0.002802816	118.7313
308	0.002695302	72.58562
308.5	0.002492957	30.95949
309	0.002553205	-4.426534
309.5	0.002227447	-38.61851
310	0.002011304	-76.01998
310.5	0.001881361	-121.2385
311	0.002124943	-141.0513
311.5	0.001803579	179.9526
312	0.001881779	159.9405
312.5	0.002107823	112.4585
313	0.002370822	84.96755
313.5	0.002371744	36.24414
314	0.002458515	7.701553
314.5	0.00297357	-33.17583
315	0.002827067	-71.50035
315.5	0.002876703	-118.48
316	0.002966009	-160.3461
316.5	0.003065387	161.793
317	0.002408258	127.1623
317.5	0.002626223	89.8615
318	0.002718617	50.5056
318.5	0.003126564	12.92775
319	0.002776456	-30.72288
319.5	0.00285543	-73.90303
320	0.002731404	-113.1045
320.5	0.002194748	-152.8758
321	0.001850839	174.3688
321.5	0.002085995	138.8062
322	0.001992436	115.9031
322.5	0.002057855	80.48682
323	0.002411654	41.16685
323.5	0.002835001	2.339869
324	0.002494146	-41.81862
324.5	0.002550635	-81.16514
325	0.002626708	-124.0465
325.5	0.002728081	-155.182
326	0.002292642	167.9903
326.5	0.002502979	128.6033
327	0.002845938	85.22556
327.5	0.002904725	48.79721
328	0.002622157	4.648764
328.5	0.002678672	-35.20243
329	0.002502595	-74.40218
329.5	0.002009513	-115.7875
330	0.002370604	-152.1269
330.5	0.002137945	172.7998
331	0.002136708	142.9812
331.5	0.001875402	97.19247
332	0.00187959	58.6009
332.5	0.001937017	25.26959
333	0.001779068	-2.586788
333.5	0.001734284	-40.51991
334	0.001796787	-75.65094
334.5	0.001932963	-103.2976
335	0.002005655	-134.5457
335.5	0.002436671	175.3267
336	0.002498355	140.5506
336.5	0.002612839	101.6197
337	0.002461453	61.42952
337.5	0.002537063	19.31692
338	0.002490064	-14.18161
338.5	0.002769337	-51.11723
339	0.003050155	-96.00928
339.5	0.002961312	-140.5881
340	0.002589963	-177.8616
340.5	0.002132669	140.561
341	0.002096605	102.1751
341.5	0.002184454	78.01257
342	0.002266938	55.78062
342.5	0.002497491	13.66844
343	0.002606425	-29.54487
343.5	0.002974004	-67.14292
344	0.002906902	-110.2817
344.5	0.002937412	-154.648
345	0.002585171	172.728
345.5	0.002242651	135.8567
346	0.002022113	106.7401
346.5	0.002608455	73.37383
347	0.00298791	41.09541
347.5	0.003396978	2.448124
348	0.00329231	-45.55702
348.5	0.003350472	-83.52837
349	0.00351184	-121.5589
349.5	0.003462161	-162.0308
350	0.003555039	154.666
350.5	0.003512206	119.3016
351	0.003071417	77.39532
351.5	0.002726785	36.42842
352	0.002627541	6.259849
352.5	0.002604334	-20.85181
353	0.002886687	-54.92004
353.5	0.002950645	-91.69667
354	0.00320793	-123.9664
354.5	0.003349432	-166.7456
355	0.003722608	156.2867
355.5	0.003919233	109.6143
356	0.003856923	74.96695
356.5	0.003369658	32.09353
357	0.002750764	-4.477046
357.5	0.003117991	-36.08462
358	0.003113585	-63.59728
358.5	0.003560922	-99.09594
359	0.003782351	-136.5875
359.5	0.003976622	-177.6688
360	0.003740547	142.1791
360.5	0.004068073	103.8172
361	0.00400849	67.9846
361.5	0.004266045	30.59541
362	0.003853296	-5.668442
362.5	0.003953876	-43.12094
363	0.004499067	-82.32748
363.5	0.004555383	-121.4714
364	0.004396896	-160.4243
364.5	0.004412713	157.049
365	0.0038824	121.7385
365.5	0.003438114	85.42533
366	0.003381863	56.06397
366.5	0.004137202	22.91809
367	0.00400917	-12.03812
367.5	0.004284154	-49.83613
368	0.004037066	-86.68904
368.5	0.004541445	-124.7055
369	0.004403993	-160.428
369.5	0.004995299	162.5612
370	0.004941005	123.0239
370.5	0.005084045	85.38509
371	0.004657221	46.03018
371.5	0.005009495	7.398648
372	0.005166757	-32.01169
372.5	0.004968534	-64.86891
373	0.004846138	-105.5895
373.5	0.004709316	-140.7323
374	0.004848725	-178.5853
374.5	0.004811692	144.0997
375	0.004995246	108.0576
375.5	0.004937584	70.63451
376	0.00434162	35.521
376.5	0.00447747	0.4604166
377	0.00447956	-34.01218
377.5	0.004944112	-69.85473
378	0.005163946	-102.7709
378.5	0.005436396	-142.8765
379	0.005330346	178.0241
379.5	0.005597392	139.2304
380	0.005328135	100.3774
380.5	0.00551069	63.29074
381	0.005309664	28.4039
381.5	0.005302679	-4.060895
382	0.005366557	-44.08175
382.5	0.005665473	-78.14277
383	0.006022631	-117.5824
383.5	0.006444964	-155.2752
384	0.006366496	164.1982
384.5	0.006044952	123.1342
385	0.005723309	85.70575
385.5	0.005498101	47.31176
386	0.005140782	12.79764
386.5	0.00545435	-19.66555
387	0.005169005	-51.53008
387.5	0.005292026	-91.63341
388	0.005342418	-126.8046
388.5	0.005783798	-161.9528
389	0.005917972	161.0931
389.5	0.006346325	123.7593
390	0.006005916	86.14874
390.5	0.006465876	47.60891
391	0.006174091	5.78204
391.5	0.006404499	-28.4653
392	0.006339346	-67.64851
392.5	0.006150075	-101.8287
393	0.005856426	-141.7888
393.5	0.006134706	-176.7244
394	0.006317106	145.6719
394.5	0.006360957	107.4484
395	0.006366302	69.15929
395.5	0.006104733	31.60203
396	0.00562841	-8.586998
396.5	0.005380601	-45.11892
397	0.005305025	-76.18501
397.5	0.005450157	-108.7711
398	0.005607802	-143.885
398.5	0.005844522	179.8273
399	0.005953242	140.8814
399.5	0.006344832	101.6428
400	0.006098505	63.36241
