Source File Name:	20,4 в макушку
Signal:	FFT - Ref1 Force - Mag. & Phase

Frequency	Magnitude	Phase
[ Hz ]	[ N ]	[ ° ]
10	0.0001310265	78.31206
10.5	0.0001315731	64.019
11	0.0001308931	49.98149
11.5	0.0001316581	36.24421
12	0.0001317749	22.04646
12.5	0.0001318911	8.330987
13	0.000132305	-5.665563
13.5	0.0001323599	-19.50487
14	0.0001332729	-33.64328
14.5	0.0001324264	-47.6154
15	0.0001330088	-61.28253
15.5	0.0001327433	-75.50085
16	0.0001322507	-89.1946
16.5	0.0001325682	-103.2293
17	0.0001320719	-117.2309
17.5	0.0001317446	-131.1313
18	0.0001315232	-145.0335
18.5	0.0001314255	-159.0408
19	0.0001311854	-173.0467
19.5	0.0001310312	172.9944
20	0.0001309317	158.8818
20.5	0.0001305858	144.9201
21	0.0001305847	130.8617
21.5	0.0001305798	116.7803
22	0.0001304878	102.738
22.5	0.0001304627	88.65119
23	0.0001304135	74.64346
23.5	0.0001305114	60.60382
24	0.0001306307	46.50546
24.5	0.0001306815	32.49099
25	0.0001308155	18.39942
25.5	0.0001308061	4.388625
26	0.0001307118	-9.567114
26.5	0.0001308035	-23.59136
27	0.0001309036	-37.53637
27.5	0.0001309708	-51.50625
28	0.0001307671	-65.5179
28.5	0.0001308724	-79.45765
29	0.0001308921	-93.51807
29.5	0.000130601	-107.345
30	0.0001307736	-121.3828
30.5	0.0001305103	-135.5483
31	0.0001303128	-149.3342
31.5	0.0001303372	-163.4424
32	0.0001298059	-177.4707
32.5	0.0001299959	168.6388
33	0.0001296818	154.3634
33.5	0.0001295676	140.5397
34	0.000129578	126.2892
34.5	0.0001289818	112.3209
35	0.00012965	98.37536
35.5	0.0001291743	84.1181
36	0.0001289154	70.27228
36.5	0.0001294396	56.07058
37	0.0001287658	41.98704
37.5	0.0001290866	28.13304
38	0.0001292774	13.92142
38.5	0.0001287714	-0.01967981
39	0.0001291895	-13.96988
39.5	0.0001288524	-28.16836
40	0.0001285672	-41.85514
40.5	0.0001289882	-56.10123
41	0.0001283902	-69.99215
41.5	0.0001290014	-83.85763
42	0.0001282845	-98.20442
42.5	0.0001281788	-111.8146
43	0.0001286511	-126.1098
43.5	0.0001276266	-140.0176
44	0.0001282545	-153.8922
44.5	0.000127826	-168.2236
45	0.0001273017	178.0832
45.5	0.0001278903	163.8782
46	0.0001270826	149.8411
46.5	0.0001272969	135.993
47	0.0001271198	121.5951
47.5	0.0001264995	107.8826
48	0.0001269684	93.7001
48.5	0.0001264132	79.5858
49	0.0001266324	65.82511
49.5	0.0001265531	51.57893
50	0.0001260845	37.5668
50.5	0.0001264068	23.62074
51	0.0001261123	9.46713
51.5	0.0001258537	-4.457048
52	0.0001261711	-18.51913
52.5	0.0001257545	-32.61636
53	0.000125707	-46.44699
53.5	0.0001257004	-60.64705
54	0.0001253006	-74.50078
54.5	0.0001255044	-88.49342
55	0.0001250018	-102.6678
55.5	0.0001250172	-116.4007
56	0.0001250436	-130.5847
56.5	0.0001243244	-144.5278
57	0.0001247892	-158.4431
57.5	0.0001244036	-172.7445
58	0.000123955	173.4697
58.5	0.0001243087	159.3434
59	0.0001236325	145.2137
59.5	0.0001236149	131.3923
60	0.0001236324	117.1991
60.5	0.0001232691	103.299
61	0.0001233819	89.2021
61.5	0.0001230221	75.10924
62	0.000123146	61.3088
62.5	0.0001232152	47.01524
63	0.0001225356	33.16383
63.5	0.0001228869	19.16818
64	0.0001225432	4.793437
64.5	0.0001221836	-8.657528
65	0.0001226351	-22.91004
65.5	0.000121859	-36.98185
66	0.0001220628	-50.7343
66.5	0.0001219405	-64.98497
67	0.0001215738	-78.79257
67.5	0.0001217048	-92.87389
68	0.0001211754	-106.8726
68.5	0.0001212747	-120.7672
69	0.0001209432	-134.983
69.5	0.0001206724	-148.8144
70	0.0001207688	-162.8877
70.5	0.0001204792	-177.0291
71	0.0001200263	169.1465
71.5	0.0001202234	155.0746
72	0.0001197323	140.8914
72.5	0.0001194945	127.1162
73	0.000119658	112.9368
73.5	0.0001188386	98.91361
74	0.0001191874	84.9967
74.5	0.0001189982	70.70036
75	0.0001186547	56.96678
75.5	0.0001190193	42.7669
76	0.0001181664	28.75499
76.5	0.0001185957	14.91478
77	0.0001182474	0.5655037
77.5	0.000117823	-13.11572
78	0.0001184978	-27.25985
78.5	0.0001174442	-41.36784
79	0.0001177822	-55.02817
79.5	0.0001175577	-69.47001
80	0.0001168225	-83.09045
80.5	0.0001175127	-97.22688
81	0.0001165853	-111.3654
81.5	0.0001166758	-125.0075
82	0.0001167352	-139.3676
82.5	0.0001157924	-153.1752
83	0.0001163299	-167.1199
83.5	0.0001156157	178.5386
84	0.0001152709	164.9317
84.5	0.0001157288	150.6571
85	0.0001146559	136.6131
85.5	0.0001150986	122.8691
86	0.000114637	108.4136
86.5	0.0001141474	94.78661
87	0.0001148538	80.58301
87.5	0.0001138326	66.54716
88	0.0001140429	52.80699
88.5	0.000113952	38.3573
89	0.0001131407	24.71203
89.5	0.0001138248	10.60074
90	0.0001130347	-3.656327
90.5	0.0001129951	-17.28468
91	0.0001131966	-31.61244
91.5	0.0001123383	-45.49627
92	0.0001126913	-59.26363
92.5	0.000112289	-73.60511
93	0.0001118759	-87.27468
93.5	0.0001122356	-101.4755
94	0.0001114352	-115.5347
94.5	0.0001116617	-129.2462
95	0.0001113747	-143.5879
95.5	0.0001105897	-157.2938
96	0.000111091	-171.3848
96.5	0.0001102282	174.3731
97	0.0001102715	160.7667
97.5	0.000110372	146.4209
98	0.0001094322	132.6377
98.5	0.0001099172	118.6758
99	0.0001092542	104.3118
99.5	0.000109043	90.68391
100	0.0001093373	76.34718
100.5	0.0001084893	62.46987
101	0.0001089647	48.52139
101.5	0.00010844	34.24661
102	0.0001081573	20.53384
102.5	0.0001084573	6.429922
103	0.0001077096	-7.623533
103.5	0.0001076303	-21.40769
104	0.0001076707	-35.65763
104.5	0.0001069691	-49.55281
105	0.0001071927	-63.42295
105.5	0.000106804	-77.71181
106	0.000106395	-91.41433
106.5	0.0001066025	-105.5964
107	0.0001058797	-119.585
107.5	0.0001060766	-133.32
108	0.0001055923	-147.6358
108.5	0.0001051941	-161.3276
109	0.0001054476	-175.4745
109.5	0.0001046037	170.3916
110	0.0001049548	156.6635
110.5	0.0001046232	142.3992
111	0.0001040064	128.5053
111.5	0.0001043364	114.4711
112	0.0001037083	100.3467
112.5	0.0001035322	86.48695
113	0.000103311	72.32983
113.5	0.0001030479	58.38944
114	0.0001029664	44.45405
114.5	0.0001027323	30.33568
115	0.0001023255	16.46018
115.5	0.0001023118	2.562512
116	0.0001021076	-11.69975
116.5	0.0001016108	-25.42615
117	0.0001019093	-39.55474
117.5	0.0001011834	-53.6844
118	0.0001013092	-67.35515
118.5	0.0001010344	-81.70235
119	0.0001003954	-95.44926
119.5	0.0001009489	-109.4502
120	9.981413e-5	-123.6031
120.5	9.999862e-5	-137.2047
121	9.981357e-5	-151.6392
121.5	9.900639e-5	-165.3013
122	9.965387e-5	-179.3495
122.5	9.879631e-5	166.3271
123	9.869519e-5	152.8167
123.5	9.870507e-5	138.4192
124	9.781533e-5	124.6125
124.5	9.826133e-5	110.687
125	9.765843e-5	96.23877
125.5	9.74442e-5	82.70537
126	9.769348e-5	68.46051
126.5	9.675922e-5	54.48567
127	9.711058e-5	40.82756
127.5	9.664713e-5	26.36794
128	9.603907e-5	12.70851
128.5	9.668139e-5	-1.355984
129	9.555695e-5	-15.55173
129.5	9.571285e-5	-29.08992
130	9.570573e-5	-43.54343
130.5	9.483366e-5	-57.20306
131	9.544299e-5	-71.22639
131.5	9.45313e-5	-85.42477
132	9.450583e-5	-99.01244
132.5	9.45193e-5	-113.3744
133	9.366438e-5	-127.1288
133.5	9.400026e-5	-141.0279
134	9.347467e-5	-155.3486
134.5	9.305025e-5	-168.9935
135	9.32426e-5	176.8221
135.5	9.254811e-5	162.7962
136	9.25276e-5	149.0747
136.5	9.23292e-5	134.7343
137	9.161331e-5	120.8905
137.5	9.197831e-5	106.9687
138	9.141652e-5	92.67651
138.5	9.111314e-5	79.10536
139	9.135314e-5	64.8434
139.5	9.028406e-5	50.81084
140	9.081034e-5	37.17236
140.5	9.046282e-5	22.69031
141	8.981219e-5	9.187081
141.5	9.034797e-5	-5.027316
142	8.923112e-5	-19.18273
142.5	8.963315e-5	-32.75584
143	8.928973e-5	-47.31241
143.5	8.855511e-5	-60.74026
144	8.905694e-5	-74.98375
144.5	8.80673e-5	-89.06355
145	8.828555e-5	-102.596
145.5	8.794603e-5	-116.9876
146	8.736741e-5	-130.6754
146.5	8.767682e-5	-144.6953
147	8.702388e-5	-158.8118
147.5	8.686055e-5	-172.532
148	8.678624e-5	173.2118
148.5	8.618939e-5	159.311
149	8.623402e-5	145.3813
149.5	8.590867e-5	131.1754
150	8.551263e-5	117.4083
150.5	8.563692e-5	103.318
151	8.494008e-5	89.3123
151.5	8.480922e-5	75.53535
152	8.475106e-5	61.28967
152.5	8.418594e-5	47.45142
153	8.432841e-5	33.53897
153.5	8.391616e-5	19.32172
154	8.357337e-5	5.651809
154.5	8.360068e-5	-8.510367
155	8.31025e-5	-22.43951
155.5	8.312658e-5	-36.28082
156	8.284445e-5	-50.44868
156.5	8.234837e-5	-64.26657
157	8.239997e-5	-78.24313
157.5	8.191701e-5	-92.30353
158	8.164345e-5	-106.062
158.5	8.164859e-5	-120.1738
159	8.098172e-5	-134.2304
159.5	8.105174e-5	-147.9452
160	8.089146e-5	-162.238
160.5	8.021994e-5	-175.9528
161	8.052e-5	169.9866
161.5	7.978737e-5	155.8877
162	7.981496e-5	142.2945
162.5	7.961901e-5	127.8055
163	7.890529e-5	114.1638
163.5	7.930614e-5	100.117
164	7.8464e-5	85.83583
164.5	7.844695e-5	72.36387
165	7.852529e-5	57.97112
165.5	7.771101e-5	44.19786
166	7.806333e-5	30.38851
166.5	7.750577e-5	16.07683
167	7.719954e-5	2.470701
167.5	7.741301e-5	-11.73965
168	7.659478e-5	-25.74253
168.5	7.675671e-5	-39.33513
169	7.657598e-5	-53.7519
169.5	7.579198e-5	-67.36428
170	7.627949e-5	-81.30165
170.5	7.548362e-5	-95.6672
171	7.529935e-5	-109.0154
171.5	7.548984e-5	-123.4649
172	7.458931e-5	-137.3179
172.5	7.500357e-5	-151.0161
173	7.42362e-5	-165.4289
173.5	7.401034e-5	-178.9021
174	7.433135e-5	166.6728
174.5	7.316648e-5	152.9202
175	7.378744e-5	139.1709
175.5	7.303218e-5	124.6046
176	7.271736e-5	111.3379
176.5	7.302619e-5	97.05457
177	7.207854e-5	83.0056
177.5	7.232138e-5	69.3735
178	7.211102e-5	54.93551
178.5	7.156235e-5	41.21167
179	7.179417e-5	27.31811
179.5	7.126356e-5	13.14719
180	7.103038e-5	-0.441656
180.5	7.114605e-5	-14.67916
181	7.034135e-5	-28.59311
181.5	7.052199e-5	-42.24962
182	7.020485e-5	-56.69086
182.5	6.959105e-5	-70.15482
183	7.010759e-5	-84.22028
183.5	6.911196e-5	-98.4523
184	6.928899e-5	-111.811
184.5	6.920568e-5	-126.5032
185	6.818955e-5	-139.8968
185.5	6.895207e-5	-153.9672
186	6.789101e-5	-168.3526
186.5	6.798442e-5	178.3903
187	6.782763e-5	163.6953
187.5	6.70041e-5	150.246
188	6.760729e-5	136.2905
188.5	6.673468e-5	121.9974
189	6.683511e-5	108.6252
189.5	6.683448e-5	94.08904
190	6.591478e-5	80.40494
190.5	6.640944e-5	66.44881
191	6.590718e-5	52.11524
191.5	6.557147e-5	38.62202
192	6.569985e-5	24.51523
192.5	6.50058e-5	10.52756
193	6.508783e-5	-3.216632
193.5	6.49302e-5	-17.43567
194	6.44175e-5	-31.14627
194.5	6.453071e-5	-45.08033
195	6.408332e-5	-59.20395
195.5	6.388444e-5	-72.78493
196	6.381256e-5	-87.13306
196.5	6.322918e-5	-100.9126
197	6.335275e-5	-114.6332
197.5	6.297222e-5	-128.9466
198	6.248479e-5	-142.5637
198.5	6.264054e-5	-156.5466
199	6.205775e-5	-170.6633
199.5	6.195946e-5	175.7189
200	6.201478e-5	161.5362
200.5	6.133846e-5	147.6353
201	6.145097e-5	133.8276
201.5	6.115797e-5	119.5319
202	6.074564e-5	105.977
202.5	6.096407e-5	91.78175
203	6.021391e-5	77.6574
203.5	6.031561e-5	64.23018
204	6.013021e-5	49.69209
204.5	5.940882e-5	36.09264
205	5.999865e-5	22.24207
205.5	5.921982e-5	7.888945
206	5.909022e-5	-5.430514
206.5	5.928157e-5	-19.89552
207	5.846582e-5	-33.4837
207.5	5.882677e-5	-47.26014
208	5.831051e-5	-61.6411
208.5	5.804862e-5	-74.92365
209	5.809006e-5	-89.34318
209.5	5.739925e-5	-103.216
210	5.762385e-5	-116.8428
210.5	5.72598e-5	-131.2417
211	5.686013e-5	-144.8258
211.5	5.715192e-5	-158.8381
212	5.644234e-5	-173.0714
212.5	5.638943e-5	173.581
213	5.645432e-5	159.0462
213.5	5.565816e-5	145.4275
214	5.597084e-5	131.7554
214.5	5.5403e-5	117.1656
215	5.507206e-5	103.9059
215.5	5.542997e-5	89.47018
216	5.452937e-5	75.56813
216.5	5.487378e-5	62.14665
217	5.464207e-5	47.41115
217.5	5.395925e-5	34.29077
218	5.458779e-5	19.99614
218.5	5.367267e-5	5.938506
219	5.384547e-5	-7.334602
219.5	5.354273e-5	-22.10237
220	5.304812e-5	-35.45327
220.5	5.343519e-5	-49.52247
221	5.27619e-5	-63.77062
221.5	5.279619e-5	-76.98243
222	5.27876e-5	-91.44576
222.5	5.202122e-5	-105.2576
223	5.232956e-5	-118.8082
223.5	5.19506e-5	-133.4554
224	5.146924e-5	-146.7492
224.5	5.187207e-5	-160.828
225	5.094715e-5	-175.0696
225.5	5.104221e-5	171.8454
226	5.106077e-5	156.8789
226.5	5.018615e-5	143.6241
227	5.097988e-5	129.7168
227.5	4.996806e-5	115.2047
228	5.006975e-5	102.3027
228.5	5.024453e-5	87.36469
229	4.916404e-5	74.04669
229.5	4.998267e-5	60.23236
230	4.922052e-5	45.65855
230.5	4.908397e-5	32.71333
231	4.929736e-5	17.86912
231.5	4.843547e-5	4.251959
232	4.889991e-5	-9.228417
232.5	4.834044e-5	-23.90026
233	4.805283e-5	-37.03864
233.5	4.826107e-5	-51.41418
234	4.758382e-5	-65.39973
234.5	4.773937e-5	-78.6753
235	4.75907e-5	-93.22803
235.5	4.696569e-5	-106.6504
236	4.724985e-5	-120.6385
236.5	4.678168e-5	-135.0341
237	4.657671e-5	-148.2277
237.5	4.675612e-5	-162.6851
238	4.605145e-5	-176.4694
238.5	4.629881e-5	170.0039
239	4.584576e-5	155.447
239.5	4.553243e-5	142.0802
240	4.579114e-5	127.8647
240.5	4.50821e-5	113.8246
241	4.524624e-5	100.364
241.5	4.51249e-5	85.88642
242	4.4589e-5	72.39363
242.5	4.490857e-5	58.46169
243	4.441425e-5	44.15855
243.5	4.427104e-5	30.7895
244	4.433581e-5	16.70541
244.5	4.391947e-5	2.612839
245	4.383133e-5	-10.80887
245.5	4.37382e-5	-25.08904
246	4.330807e-5	-38.94965
246.5	4.350639e-5	-52.52784
247	4.306019e-5	-66.867
247.5	4.285801e-5	-80.05143
248	4.295912e-5	-94.57597
248.5	4.222561e-5	-108.194
249	4.270197e-5	-121.708
249.5	4.21471e-5	-136.4963
250	4.189069e-5	-149.4637
250.5	4.225183e-5	-164.0278
251	4.134847e-5	-177.8124
251.5	4.173254e-5	168.7407
252	4.141844e-5	153.9835
252.5	4.095593e-5	140.9869
253	4.130686e-5	126.5915
253.5	4.056831e-5	112.4407
254	4.069179e-5	99.31593
254.5	4.065322e-5	84.70959
255	4.004763e-5	71.24181
255.5	4.039221e-5	57.41887
256	3.986141e-5	43.00006
256.5	3.981101e-5	29.5816
257	3.99425e-5	15.55506
257.5	3.951856e-5	1.489201
258	3.964248e-5	-11.93902
258.5	3.939189e-5	-26.55923
259	3.890258e-5	-39.83379
259.5	3.937029e-5	-53.85861
260	3.85525e-5	-68.11964
260.5	3.86585e-5	-81.00008
261	3.872805e-5	-95.88801
261.5	3.785275e-5	-109.1407
262	3.845919e-5	-122.771
262.5	3.781571e-5	-137.4884
263	3.766063e-5	-150.3774
263.5	3.786743e-5	-165.1884
264	3.716429e-5	-178.843
264.5	3.770475e-5	167.7968
265	3.719993e-5	152.7443
265.5	3.674157e-5	140.0581
266	3.73133e-5	125.4772
266.5	3.62953e-5	111.3497
267	3.666497e-5	98.44263
267.5	3.662806e-5	83.41428
268	3.588737e-5	70.3835
268.5	3.653279e-5	56.45359
269	3.568416e-5	41.74136
269.5	3.579875e-5	29.01895
270	3.595978e-5	13.98774
270.5	3.510373e-5	0.8107476
271	3.589628e-5	-12.84482
271.5	3.507988e-5	-27.87107
272	3.493977e-5	-40.06059
272.5	3.522777e-5	-55.23411
273	3.442652e-5	-68.6075
273.5	3.502023e-5	-82.0033
274	3.451867e-5	-96.82358
274.5	3.434944e-5	-109.6186
275	3.459337e-5	-124.1151
275.5	3.384246e-5	-138.0785
276	3.42348e-5	-151.4477
276.5	3.393494e-5	-166.094
277	3.350705e-5	-179.4032
277.5	3.377641e-5	166.6384
278	3.328738e-5	152.2869
278.5	3.31024e-5	139.0333
279	3.328202e-5	124.6717
279.5	3.276746e-5	110.8058
280	3.288009e-5	97.61591
280.5	3.280763e-5	82.69698
281	3.244153e-5	69.76663
281.5	3.279997e-5	55.54457
282	3.205476e-5	41.40092
282.5	3.242299e-5	28.25421
283	3.21785e-5	13.22251
283.5	3.16643e-5	0.334718
284	3.2178e-5	-13.72997
284.5	3.144247e-5	-28.22025
285	3.150152e-5	-41.05888
285.5	3.161458e-5	-55.71807
286	3.119013e-5	-69.29208
286.5	3.139656e-5	-82.84696
287	3.096192e-5	-97.24101
287.5	3.077183e-5	-110.6567
288	3.084454e-5	-124.9364
288.5	3.047713e-5	-138.9106
289	3.055439e-5	-152.2664
289.5	3.04209e-5	-166.7038
290	3.001055e-5	-179.991
290.5	3.024811e-5	166.0219
291	2.99036e-5	151.5341
291.5	2.963569e-5	138.5104
292	2.997055e-5	123.9407
292.5	2.926309e-5	110.1313
293	2.953264e-5	96.91689
293.5	2.935978e-5	81.76895
294	2.908053e-5	69.06815
294.5	2.942535e-5	54.61803
295	2.870386e-5	40.65502
295.5	2.90015e-5	27.70299
296	2.880474e-5	12.88764
296.5	2.838018e-5	-0.1491855
297	2.877955e-5	-14.25469
297.5	2.821205e-5	-28.37795
298	2.831894e-5	-41.4954
298.5	2.834297e-5	-55.98857
299	2.797081e-5	-69.70744
299.5	2.808771e-5	-83.08675
300	2.788309e-5	-97.83173
300.5	2.749572e-5	-110.9219
301	2.773005e-5	-125.1085
301.5	2.718527e-5	-139.5121
302	2.729414e-5	-152.2562
302.5	2.737958e-5	-167.3303
303	2.674353e-5	179.4755
303.5	2.723858e-5	165.8994
304	2.670322e-5	150.8029
304.5	2.657018e-5	138.394
305	2.699148e-5	123.4939
305.5	2.618813e-5	109.8653
306	2.6573e-5	96.7757
306.5	2.623779e-5	81.27869
307	2.596885e-5	69.06146
307.5	2.64701e-5	54.29656
308	2.560605e-5	40.26871
308.5	2.603995e-5	27.44944
309	2.58352e-5	11.8955
309.5	2.537796e-5	-0.4566776
310	2.600927e-5	-14.45137
310.5	2.514647e-5	-29.50664
311	2.527951e-5	-41.48644
311.5	2.547299e-5	-57.04399
312	2.471053e-5	-70.14123
312.5	2.535415e-5	-83.3007
313	2.47415e-5	-98.64463
313.5	2.472576e-5	-110.6517
314	2.505726e-5	-126.1874
314.5	2.41949e-5	-139.3242
315	2.489161e-5	-152.6552
315.5	2.42205e-5	-168.1364
316	2.407112e-5	-179.8849
316.5	2.454338e-5	164.783
317	2.352626e-5	150.929
317.5	2.411487e-5	138.3631
318	2.381664e-5	122.6799
318.5	2.339392e-5	110.3004
319	2.38948e-5	95.69398
319.5	2.333498e-5	81.5468
320	2.347257e-5	68.44359
320.5	2.343925e-5	53.84759
321	2.302664e-5	40.68805
321.5	2.322256e-5	26.57375
322	2.300212e-5	12.16559
322.5	2.279607e-5	-0.5563418
323	2.30948e-5	-15.16209
323.5	2.252298e-5	-29.15604
324	2.276238e-5	-41.72547
324.5	2.266843e-5	-57.10563
325	2.217674e-5	-69.92378
325.5	2.265923e-5	-83.72799
326	2.21841e-5	-98.5187
326.5	2.206515e-5	-111.0076
327	2.230997e-5	-126.2727
327.5	2.170851e-5	-139.3501
328	2.208966e-5	-152.9818
328.5	2.168712e-5	-168.1233
329	2.146423e-5	179.6676
329.5	2.178271e-5	164.3529
330	2.11691e-5	150.8073
330.5	2.150186e-5	138.1025
331	2.129645e-5	122.5333
331.5	2.09531e-5	109.9149
332	2.136178e-5	95.70919
332.5	2.086212e-5	81.39314
333	2.091971e-5	68.6578
333.5	2.095654e-5	53.5749
334	2.053324e-5	40.68087
334.5	2.082152e-5	26.73917
335	2.04286e-5	11.66707
335.5	2.037471e-5	-0.2787091
336	2.064473e-5	-15.23945
336.5	2.001568e-5	-29.20526
337	2.040228e-5	-41.97027
337.5	2.013828e-5	-57.36385
338	1.988336e-5	-69.86922
338.5	2.017687e-5	-84.19281
339	1.965805e-5	-98.33997
339.5	1.978288e-5	-111.475
340	1.974278e-5	-126.303
340.5	1.94026e-5	-139.5004
341	1.960779e-5	-153.4493
341.5	1.938893e-5	-168.0843
342	1.916877e-5	179.2281
342.5	1.940431e-5	164.8583
343	1.891647e-5	150.3396
343.5	1.901527e-5	138.0565
344	1.907119e-5	122.7349
344.5	1.848465e-5	109.9583
345	1.901216e-5	96.12651
345.5	1.849751e-5	80.91784
346	1.860458e-5	68.68377
346.5	1.886875e-5	53.41385
347	1.815011e-5	40.22805
347.5	1.878471e-5	27.16958
348	1.823158e-5	11.25697
348.5	1.799091e-5	-0.1745241
349	1.851035e-5	-15.62416
349.5	1.762135e-5	-29.46285
350	1.827411e-5	-41.67623
