Source File Name:	9,1
Signal:	FFT - Vib Velocity - Mag. & Phase

Frequency	Magnitude	Phase
[ Hz ]	[ m/s ]	[ ° ]
10	10.0476	23.39453
10.5	10.89473	4.2386
11	10.88055	-15.66989
11.5	11.42397	-31.21082
12	12.08095	-53.02095
12.5	12.45906	-70.88963
13	13.44305	-83.06499
13.5	14.28952	-108.3602
14	15.96564	-118.1096
14.5	16.55125	-140.8846
15	18.74854	-158.7951
15.5	19.93705	177.9907
16	21.43642	158.2279
16.5	23.12171	136.8977
17	25.29806	116.78
17.5	27.092	94.47441
18	29.95606	74.84845
18.5	31.47185	48.55881
19	35.61596	27.56054
19.5	37.83096	3.737982
20	42.06419	-21.33279
20.5	44.99273	-48.491
21	46.38169	-76.32523
21.5	46.16082	-105.8912
22	44.20877	-137.9966
22.5	38.87549	-161.6334
23	31.51456	169.9192
23.5	29.47708	153.1133
24	26.55216	132.707
24.5	24.27777	116.8908
25	21.30131	97.49442
25.5	20.08673	79.51662
26	18.62185	61.04623
26.5	17.80872	44.61633
27	17.15591	25.54491
27.5	16.163	10.83063
28	15.26548	-7.547367
28.5	14.70136	-24.18608
29	13.93744	-41.74287
29.5	13.33886	-57.64181
30	12.87041	-74.46886
30.5	12.49977	-91.50357
31	12.29957	-107.5406
31.5	11.32697	-123.6562
32	11.01955	-138.5911
32.5	10.79711	-154.3197
33	10.38774	-169.5776
33.5	10.26403	175.1603
34	10.09152	159.7861
34.5	9.887244	143.9152
35	9.821642	129.5266
35.5	9.531172	113.6896
36	9.5905	98.95556
36.5	9.347488	83.10436
37	9.297952	68.57877
37.5	9.248012	54.63453
38	9.09639	38.76074
38.5	9.157508	23.91422
39	9.009041	9.002428
39.5	9.087729	-6.906955
40	9.024338	-22.65601
40.5	9.207492	-36.79045
41	9.15762	-54.34888
41.5	9.045223	-69.27551
42	9.030789	-85.29646
42.5	9.018214	-101.0387
43	8.987764	-116.8751
43.5	8.972158	-132.4573
44	8.884878	-148.6181
44.5	8.920348	-165.1556
45	8.676488	179.5526
45.5	8.673786	164.6694
46	8.466295	148.6039
46.5	8.502895	133.6865
47	8.344118	117.0923
47.5	8.23496	101.858
48	8.094045	88.18554
48.5	8.026775	72.2906
49	7.727995	61.40821
49.5	7.675713	40.32032
50	7.73809	28.68617
50.5	7.609929	13.61193
51	7.553524	-2.188468
51.5	7.546205	-16.04554
52	7.580465	-31.41566
52.5	7.278194	-46.76796
53	7.556804	-62.36144
53.5	7.276649	-76.08819
54	7.126575	-92.6475
54.5	7.400288	-105.5347
55	7.273597	-120.8541
55.5	7.151509	-136.9509
56	7.248772	-151.44
56.5	7.138629	-166.315
57	7.077026	178.1532
57.5	7.049047	163.9694
58	7.011094	148.7104
58.5	6.912686	133.0601
59	6.727053	120.174
59.5	6.996151	105.0018
60	6.750493	89.80615
60.5	6.817037	75.42955
61	6.6717	60.88626
61.5	6.592258	45.90649
62	6.46952	32.28213
62.5	6.566253	18.08457
63	6.6335	2.739157
63.5	6.427768	-12.38393
64	6.34217	-25.93322
64.5	6.333061	-39.60706
65	6.336814	-54.22372
65.5	6.369179	-67.96145
66	6.439514	-83.76498
66.5	6.296415	-99.42869
67	6.216202	-112.6636
67.5	6.208497	-127.2555
68	6.172164	-141.1092
68.5	6.170967	-155.5757
69	6.131638	-170.3324
69.5	6.095933	175.4285
70	6.091177	161.3458
70.5	5.978862	146.9954
71	6.043554	133.799
71.5	6.009214	118.9071
72	5.915609	104.9303
72.5	5.931367	91.90443
73	5.815526	78.39441
73.5	5.807345	63.47706
74	5.726025	50.92577
74.5	5.648629	38.19781
75	5.585255	24.8975
75.5	5.713352	13.31723
76	5.797407	0.2318345
76.5	5.821587	-12.5224
77	5.94758	-25.9185
77.5	5.94894	-38.091
78	6.197609	-50.8669
78.5	6.261344	-63.54732
79	6.507913	-75.62251
79.5	6.773184	-87.80968
80	7.123451	-100.0958
80.5	7.534615	-113.1194
81	8.068707	-127.0864
81.5	8.568663	-141.9267
82	8.878906	-155.7365
82.5	9.501572	-169.284
83	10.18169	176.0505
83.5	10.76018	161.4563
84	11.5589	146.6232
84.5	12.45044	130.7664
85	13.10937	114.7046
85.5	14.00324	98.39442
86	14.79064	82.17057
86.5	15.68599	65.83979
87	16.54138	48.64774
87.5	17.29378	31.52332
88	18.09615	14.82677
88.5	18.95568	-2.740671
89	19.78436	-20.06336
89.5	20.42845	-37.72686
90	21.23642	-55.11289
90.5	21.84934	-72.73624
91	22.52598	-90.28478
91.5	23.15681	-107.9246
92	23.92285	-125.509
92.5	24.63094	-143.5274
93	25.25537	-161.6248
93.5	25.84033	-179.6328
94	26.39671	161.9585
94.5	27.03199	143.8097
95	27.43846	124.8613
95.5	27.83059	106.303
96	28.25751	87.20724
96.5	28.35818	67.97484
97	28.47429	48.66136
97.5	28.3494	29.20212
98	28.0956	9.486681
98.5	27.72892	-10.36325
99	27.0365	-30.32952
99.5	26.31094	-50.57288
100	25.10301	-70.98137
100.5	23.79668	-90.63849
101	22.3383	-110.5346
101.5	20.74137	-130.0706
102	19.07706	-149.3434
102.5	17.28074	-168.1629
103	15.65511	174.0885
103.5	14.03235	155.8932
104	12.28151	140.124
104.5	11.13692	124.9361
105	9.903913	110.0794
105.5	8.941787	95.72438
106	8.182758	81.95276
106.5	7.516677	67.44613
107	6.85673	52.87107
107.5	6.163942	38.27531
108	5.371088	24.32174
108.5	4.665121	11.82408
109	4.000649	1.254941
109.5	3.375109	-6.333785
110	2.989269	-12.12171
110.5	2.816165	-14.23021
111	2.799078	-16.94439
111.5	2.973571	-19.8523
112	3.324258	-26.38723
112.5	3.741323	-35.86428
113	4.048368	-48.25406
113.5	4.51668	-60.12499
114	4.811814	-74.66502
114.5	5.099503	-87.73629
115	5.466917	-101.4295
115.5	5.883855	-116.6786
116	6.074911	-130.8007
116.5	6.334896	-145.9711
117	6.628919	-159.5483
117.5	6.916553	-174.9195
118	7.261354	171.1499
118.5	7.648549	155.5277
119	8.016183	139.9409
119.5	8.232136	124.3866
120	8.655893	108.7776
120.5	8.844783	93.35436
121	9.310494	77.17651
121.5	9.378162	60.78582
122	9.779576	45.12632
122.5	9.963249	29.63196
123	10.39733	13.47928
123.5	10.71282	-3.020235
124	10.91131	-19.67699
124.5	11.30354	-35.31564
125	11.54727	-53.51505
125.5	11.74842	-69.36674
126	12.02123	-86.7375
126.5	12.32706	-103.5982
127	12.38627	-120.8524
127.5	12.56213	-137.6853
128	12.68984	-154.5402
128.5	13.02603	-172.0678
129	12.99315	170.475
129.5	13.20699	152.8214
130	13.21185	135.3449
130.5	13.1959	117.5383
131	13.21278	100.0246
131.5	13.03471	81.92573
132	12.92064	64.75488
132.5	12.83633	46.47137
133	12.62898	29.06518
133.5	12.37166	10.77336
134	12.03414	-6.205249
134.5	11.82256	-23.54157
135	11.66984	-41.39844
135.5	11.32408	-59.52276
136	10.95187	-77.77238
136.5	10.44789	-94.94958
137	10.1348	-112.2026
137.5	9.702817	-129.2722
138	9.366073	-147.0181
138.5	8.887728	-164.1194
139	8.469829	178.5096
139.5	7.975714	161.7984
140	7.534701	144.9012
140.5	7.095873	129.7077
141	6.779483	113.2694
141.5	6.370942	97.21317
142	5.965282	82.71667
142.5	5.775836	66.63838
143	5.432158	50.84061
143.5	5.142214	36.48314
144	4.884834	21.63415
144.5	4.819293	6.825408
145	4.51149	-8.819393
145.5	4.250006	-22.88126
146	4.193394	-35.18446
146.5	4.148269	-50.60233
147	4.2308	-65.40638
147.5	4.205952	-83.11224
148	4.122284	-99.39941
148.5	4.007464	-116.8655
149	3.88591	-133.3338
149.5	3.765854	-149.2033
150	3.796784	-167.8567
150.5	3.484337	173.1764
151	3.393561	157.3458
151.5	3.299517	139.4022
152	3.078678	120.8182
152.5	2.81045	103.1078
153	2.616655	87.94783
153.5	2.53403	72.03316
154	2.365621	51.66397
154.5	2.228078	38.17053
155	2.116041	17.38153
155.5	1.833646	1.507069
156	1.68981	-9.863335
156.5	1.728866	-23.34908
157	1.687512	-45.66348
157.5	1.625248	-62.34895
158	1.459844	-78.64417
158.5	1.549233	-94.69445
159	1.415605	-114.4621
159.5	1.426194	-129.069
160	1.40659	-147.5293
160.5	1.459394	-167.3609
161	1.464029	171.5847
161.5	1.400471	147.6021
162	1.279203	135.4752
162.5	1.341798	116.6003
163	1.368572	102.6184
163.5	1.484002	79.15124
164	1.484652	59.94405
164.5	1.476897	39.75109
165	1.573633	23.57325
165.5	1.549968	1.943112
166	1.679576	-10.64503
166.5	1.743008	-33.04979
167	1.796955	-50.41872
167.5	1.88217	-68.84164
168	1.967554	-86.64886
168.5	2.056369	-104.9105
169	2.169048	-122.6868
169.5	2.162923	-139.3873
170	2.341424	-155.3862
170.5	2.473192	-171.4354
171	2.677044	168.2161
171.5	2.742481	150.8228
172	2.898222	132.2095
172.5	2.929528	116.0037
173	3.104109	98.3126
173.5	3.210661	81.35789
174	3.334156	61.93424
174.5	3.317252	44.56977
175	3.340402	28.21842
175.5	3.565319	12.20997
176	3.596666	-6.020772
176.5	3.710256	-22.20143
177	3.794878	-39.53508
177.5	3.875505	-58.35416
178	3.723812	-75.16718
178.5	3.913692	-89.33125
179	3.997301	-107.3431
179.5	4.083539	-124.5361
180	4.052369	-141.6806
180.5	4.025652	-158.5113
181	3.954919	-173.0233
181.5	4.020011	170.2264
182	4.106274	156.0882
182.5	4.176324	138.306
183	4.199436	123.3272
183.5	4.210372	106.2893
184	4.258125	91.4697
184.5	4.240315	74.35435
185	4.298745	58.43863
185.5	4.141418	43.20358
186	4.269903	28.33415
186.5	4.32525	13.57027
187	4.461047	-3.175172
187.5	4.409459	-18.96021
188	4.461463	-34.86626
188.5	4.484081	-50.32587
189	4.491376	-66.5807
189.5	4.592533	-81.67656
190	4.586567	-98.29681
190.5	4.705465	-113.6128
191	4.670904	-130.7248
191.5	4.71033	-146.0411
192	4.630765	-162.327
192.5	4.668646	-178.0978
193	4.655759	166.8388
193.5	4.730103	151.1394
194	4.747202	135.8477
194.5	4.859721	118.8231
195	4.748784	103.0936
195.5	4.769052	87.50738
196	4.827627	71.31701
196.5	4.729914	54.33347
197	4.699471	39.08347
197.5	4.641773	23.48313
198	4.678719	9.233364
198.5	4.68279	-7.376445
199	4.688619	-22.56948
199.5	4.687816	-39.35802
200	4.640904	-55.24796
200.5	4.579548	-70.28204
201	4.685156	-86.47743
201.5	4.616031	-102.1903
202	4.611773	-118.4952
202.5	4.509176	-134.0071
203	4.547192	-149.843
203.5	4.477794	-165.7203
204	4.46021	178.2172
204.5	4.402884	163.1433
205	4.400967	147.5612
205.5	4.399951	131.9617
206	4.357816	116.1156
206.5	4.330732	100.2652
207	4.274018	84.45463
207.5	4.309473	68.56275
208	4.240784	52.74494
208.5	4.265239	37.1403
209	4.211458	20.58065
209.5	4.147164	3.920709
210	4.021048	-10.34296
210.5	4.085572	-26.53356
211	4.078857	-42.74335
211.5	4.044904	-59.79153
212	3.993049	-75.77639
212.5	3.919055	-92.21348
213	3.87529	-108.4713
213.5	3.761613	-124.3333
214	3.772091	-141.1601
214.5	3.648171	-157.1759
215	3.592369	-173.8566
215.5	3.506106	171.3169
216	3.526753	154.5684
216.5	3.447165	138.6342
217	3.352479	121.1802
217.5	3.285799	104.954
218	3.171964	88.77868
218.5	3.142264	72.54937
219	3.031673	55.96528
219.5	3.017785	40.1618
220	2.858788	22.54598
220.5	2.785848	8.027608
221	2.766763	-6.96405
221.5	2.797086	-25.98793
222	2.667833	-43.67484
222.5	2.619546	-60.58443
223	2.551697	-77.47896
223.5	2.371637	-96.96286
224	2.259209	-108.9702
224.5	2.284487	-126.99
225	2.241538	-145.3154
225.5	2.116217	-164.3394
226	2.015599	-179.2066
226.5	1.962233	163.5822
227	1.958192	148.3108
227.5	1.936354	130.865
228	1.990171	109.3094
228.5	1.815997	87.1789
229	1.645217	70.0657
229.5	1.600536	54.73582
230	1.579642	36.06863
230.5	1.52134	18.99943
231	1.52858	0.9376029
231.5	1.532634	-18.70285
232	1.534443	-43.29983
232.5	1.413895	-63.00729
233	1.387959	-82.85142
233.5	1.336419	-101.9007
234	1.334645	-120.0769
234.5	1.255994	-142.773
235	1.218673	-158.547
235.5	1.26957	-175.1935
236	1.280857	161.6454
236.5	1.282119	146.4197
237	1.332424	129.273
237.5	1.477024	112.2435
238	1.552478	85.34579
238.5	1.440542	67.16266
239	1.479351	46.88937
239.5	1.491467	29.41982
240	1.432527	11.65371
240.5	1.522232	-2.745197
241	1.560167	-19.88057
241.5	1.65374	-37.97837
242	1.680303	-56.02457
242.5	1.771252	-75.6248
243	1.740442	-92.80589
243.5	1.811282	-110.1979
244	1.829449	-124.8493
244.5	1.923511	-146.2462
245	1.794379	-160.7201
245.5	1.911965	-176.8995
246	1.887143	164.9126
246.5	1.87996	148.5308
247	1.868059	135.6032
247.5	1.950067	121.9071
248	2.135486	104.1399
248.5	2.031593	86.61972
249	2.145865	69.99239
249.5	2.054126	51.45341
250	2.010286	37.45514
250.5	1.975287	24.47982
251	2.118614	9.272409
251.5	2.128536	-6.260422
252	2.034303	-22.99889
252.5	2.074747	-34.24506
253	2.154103	-49.83351
253.5	2.215577	-65.17814
254	2.223093	-80.81243
254.5	2.322588	-94.42407
255	2.344012	-111.6894
255.5	2.382614	-126.9763
256	2.326388	-141.4825
256.5	2.394993	-156.3065
257	2.370523	-171.0791
257.5	2.486467	174.5046
258	2.561306	158.7469
258.5	2.529977	141.6713
259	2.436787	128.1855
259.5	2.459553	116.4
260	2.688321	102.6917
260.5	2.710131	83.51501
261	2.699319	68.88164
261.5	2.676084	53.28206
262	2.70273	39.91894
262.5	2.707958	25.49575
263	2.821715	12.05087
263.5	2.862283	-5.027223
264	2.840761	-20.75834
264.5	2.820151	-34.33099
265	2.907294	-48.82008
265.5	2.957061	-64.62413
266	2.958428	-80.33915
266.5	2.868271	-93.46738
267	2.918485	-107.8327
267.5	2.968249	-121.1027
268	3.017031	-136.1884
268.5	3.079333	-151.1994
269	3.044852	-164.565
269.5	3.251728	-178.1046
270	3.231181	164.7355
270.5	3.255008	151.303
271	3.25716	137.0097
271.5	3.339185	122.4365
272	3.331124	108.8487
272.5	3.488853	95.02468
273	3.606787	80.36978
273.5	3.664082	64.62012
274	3.70569	50.90764
274.5	3.849356	35.32085
275	3.914421	20.34587
275.5	3.878916	4.523472
276	4.034607	-9.189178
276.5	4.006786	-24.1458
277	4.226031	-37.27914
277.5	4.406673	-53.4821
278	4.517364	-70.12698
278.5	4.479083	-85.88448
279	4.519164	-101.7156
279.5	4.548108	-115.0459
280	4.681024	-131.1781
280.5	4.777038	-145.8317
281	4.794966	-162.1744
281.5	4.802217	-175.6036
282	4.963614	169.1494
282.5	5.090488	152.935
283	5.006118	137.149
283.5	5.150578	122.6261
284	5.157549	107.543
284.5	5.267968	92.48523
285	5.364514	77.89941
285.5	5.540963	61.03572
286	5.429378	44.93443
286.5	5.353883	29.82251
287	5.511034	16.81126
287.5	5.635567	-0.3627197
288	5.635363	-15.12674
288.5	5.639809	-30.34942
289	5.740105	-45.30286
289.5	5.75371	-60.68153
290	5.857058	-76.31608
290.5	5.858331	-91.9603
291	5.904215	-107.929
291.5	5.755065	-121.6929
292	5.991252	-136.3948
292.5	6.04467	-151.9068
293	6.037325	-167.665
293.5	6.108669	177.0093
294	6.074307	161.265
294.5	6.113921	147.0522
295	6.140434	131.4956
295.5	6.296759	116.782
296	6.201998	100.7217
296.5	6.268256	86.2172
297	6.270141	71.06558
297.5	6.36885	55.49799
298	6.31969	40.47876
298.5	6.456923	24.95701
299	6.383464	9.963473
299.5	6.4541	-5.13972
300	6.482827	-20.04874
300.5	6.505068	-35.83559
301	6.569507	-51.09248
301.5	6.480535	-67.11472
302	6.536758	-81.27878
302.5	6.523878	-97.09415
303	6.618629	-111.3849
303.5	6.58775	-127.637
304	6.563939	-142.8153
304.5	6.444725	-157.201
305	6.579853	-172.0682
305.5	6.583412	173.0918
306	6.669278	157.2162
306.5	6.588848	142.6565
307	6.680047	127.1036
307.5	6.593652	112.3534
308	6.61368	97.21375
308.5	6.6888	82.03257
309	6.587535	66.62824
309.5	6.690142	52.00859
310	6.606112	36.44986
310.5	6.681954	22.07728
311	6.582635	6.225627
311.5	6.565391	-8.051597
312	6.582476	-22.41153
312.5	6.675837	-38.02094
313	6.709509	-53.03503
313.5	6.683274	-69.4563
314	6.54902	-83.31336
314.5	6.556823	-98.27323
315	6.571032	-112.3923
315.5	6.611907	-127.5428
316	6.686209	-142.3001
316.5	6.667933	-158.3349
317	6.656994	-172.8395
317.5	6.668039	172.4108
318	6.698512	156.905
318.5	6.613518	141.7293
319	6.554965	126.915
319.5	6.484218	112.8073
320	6.552553	98.13429
320.5	6.598815	84.44733
321	6.81187	68.74062
321.5	6.753802	52.37255
322	6.627595	37.3615
322.5	6.609078	23.40608
323	6.586292	7.83987
323.5	6.602607	-6.347419
324	6.59168	-21.37956
324.5	6.655705	-35.79406
325	6.651931	-51.07974
325.5	6.666636	-65.45525
326	6.700033	-80.57484
326.5	6.731611	-95.98799
327	6.687359	-111.09
327.5	6.628665	-126.5467
328	6.629196	-140.3368
328.5	6.650834	-155.7697
329	6.580297	-169.8596
329.5	6.625793	175.3934
330	6.634949	161.2401
330.5	6.727719	145.807
331	6.742708	130.4814
331.5	6.627401	115.4212
332	6.708055	101.3261
332.5	6.651521	86.36804
333	6.704939	72.07928
333.5	6.747057	57.63263
334	6.862454	41.68371
334.5	6.767514	26.58864
335	6.77599	11.70676
335.5	6.82205	-2.191805
336	6.883171	-18.36764
336.5	6.81832	-32.51887
337	6.915865	-47.27657
337.5	6.970661	-63.52013
338	6.753419	-78.78568
338.5	6.84953	-92.32785
339	6.882348	-107.7166
339.5	6.92612	-123.2075
340	6.785446	-137.5512
340.5	6.889471	-152.0316
341	6.890892	-167.2419
341.5	6.873749	177.3376
342	6.862224	163.1755
342.5	6.903763	147.2316
343	6.837771	133.0892
343.5	6.884839	118.3535
344	6.94331	103.2928
344.5	6.849999	87.82229
345	6.855735	73.37553
345.5	6.840014	58.65174
346	6.899579	43.38372
346.5	6.849819	28.65133
347	6.901582	13.50603
347.5	6.824202	-1.159733
348	6.846898	-16.20846
348.5	6.825491	-30.60971
349	6.848172	-46.05073
349.5	6.810873	-60.86455
350	6.785412	-75.47154
