Source File Name:	13,1,2
Signal:	FFT - Ref1 Force - Mag. & Phase

Frequency	Magnitude	Phase
[ Hz ]	[ N ]	[ ° ]
20	0.0001264692	127.7199
20.5	0.0001262425	113.2477
21	0.0001254839	98.06069
21.5	0.000126267	83.08244
22	0.0001260443	68.47825
22.5	0.0001258996	53.55111
23	0.0001261859	38.58472
23.5	0.00012627	23.89585
24	0.000125853	9.06983
24.5	0.0001261291	-5.783494
25	0.0001265257	-20.49513
25.5	0.0001262844	-35.45535
26	0.0001264427	-50.06342
26.5	0.0001265615	-64.75481
27	0.0001264897	-79.56204
27.5	0.0001263305	-94.26429
28	0.0001262253	-108.9914
28.5	0.0001259684	-123.7921
29	0.0001258954	-138.5566
29.5	0.0001256179	-153.1942
30	0.0001253134	-168.0115
30.5	0.0001252838	177.1954
31	0.0001253052	162.4128
31.5	0.0001248643	147.5618
32	0.0001248365	132.7762
32.5	0.0001249152	117.9317
33	0.0001241758	103.0746
33.5	0.0001244943	88.22859
34	0.0001241506	73.38287
34.5	0.0001240225	58.46874
35	0.0001239774	43.6539
35.5	0.0001243542	28.81901
36	0.000124008	14.09041
36.5	0.0001243031	-0.7531273
37	0.0001243885	-15.55967
37.5	0.0001239491	-30.30321
38	0.0001241423	-45.16419
38.5	0.0001241731	-59.87572
39	0.0001240485	-74.58897
39.5	0.0001240356	-89.37171
40	0.0001239215	-104.1776
40.5	0.0001237551	-118.7577
41	0.0001234609	-133.7255
41.5	0.0001235932	-148.4512
42	0.0001230089	-163.2152
42.5	0.0001229711	-177.9583
43	0.0001228914	167.1388
43.5	0.0001224733	152.4143
44	0.0001220578	137.6749
44.5	0.0001222401	122.7342
45	0.0001218583	108.0432
45.5	0.000121645	93.08744
46	0.0001216673	78.26454
46.5	0.0001215471	63.46945
47	0.0001215013	48.56838
47.5	0.0001214961	33.7212
48	0.0001213867	19.04418
48.5	0.0001210918	4.1339
49	0.0001212858	-10.61144
49.5	0.0001210884	-25.36048
50	0.0001209081	-40.22266
50.5	0.000121036	-54.95402
51	0.0001209397	-69.67824
51.5	0.0001205507	-84.48099
52	0.0001205145	-99.27844
52.5	0.0001202375	-113.9475
53	0.0001198994	-128.7773
53.5	0.0001199194	-143.5231
54	0.0001196343	-158.3367
54.5	0.0001194003	-173.0871
55	0.0001190946	172.0559
55.5	0.0001190134	157.3285
56	0.000118523	142.4491
56.5	0.0001186595	127.612
57	0.0001183494	112.8225
57.5	0.000118273	97.99196
58	0.0001180862	83.19427
58.5	0.0001179456	68.43481
59	0.0001176504	53.65539
59.5	0.0001176679	38.728
60	0.0001174785	23.9911
60.5	0.000117203	9.126076
61	0.0001173155	-5.683297
61.5	0.0001170525	-20.3711
62	0.0001168656	-35.24617
62.5	0.0001168702	-50.04403
63	0.0001167071	-64.81541
63.5	0.0001164078	-79.49427
64	0.0001166024	-94.34482
64.5	0.0001160241	-108.8204
65	0.000115946	-123.742
65.5	0.0001157281	-138.6056
66	0.0001153565	-153.381
66.5	0.0001151227	-168.1342
67	0.0001149971	177.0356
67.5	0.0001149394	162.3029
68	0.0001144629	147.4997
68.5	0.0001141446	132.6056
69	0.0001140453	117.7986
69.5	0.0001136451	103.0062
70	0.0001135291	88.14854
70.5	0.000113638	73.34743
71	0.0001133246	58.66452
71.5	0.00011295	43.73081
72	0.0001130971	29.00266
72.5	0.0001126225	14.35224
73	0.0001125414	-0.6268309
73.5	0.0001125631	-15.3112
74	0.0001123377	-30.11125
74.5	0.0001119803	-44.94482
75	0.0001119529	-59.7108
75.5	0.0001117738	-74.40405
76	0.0001114001	-89.2351
76.5	0.0001114086	-104.0581
77	0.0001110088	-118.7409
77.5	0.0001106806	-133.559
78	0.0001104599	-148.4073
78.5	0.0001102382	-163.0091
79	0.0001099017	-177.8936
79.5	0.0001097447	167.2009
80	0.0001096244	152.5544
80.5	0.0001090524	137.7336
81	0.0001091407	122.8365
81.5	0.0001088866	108.1641
82	0.0001085796	93.31216
82.5	0.0001085027	78.3294
83	0.0001082204	63.77718
83.5	0.0001079467	48.94403
84	0.0001077542	34.02212
84.5	0.00010769	19.3851
85	0.0001072942	4.548438
85.5	0.0001072526	-10.41677
86	0.0001070567	-24.91583
86.5	0.000106797	-39.73686
87	0.0001066581	-54.66573
87.5	0.0001064182	-69.25501
88	0.000106197	-83.93172
88.5	0.0001059039	-98.9156
89	0.0001057946	-113.5235
89.5	0.0001051918	-128.2595
90	0.0001051142	-143.1815
90.5	0.0001050149	-157.9254
91	0.0001044496	-172.6743
91.5	0.0001041483	172.4128
92	0.0001041078	157.7137
92.5	0.0001038306	143.0211
93	0.0001032225	128.0862
93.5	0.0001033229	113.3511
94	0.0001029563	98.6225
94.5	0.0001026596	83.64045
95	0.0001027359	68.96436
95.5	0.0001023864	54.26628
96	0.0001019664	39.40113
96.5	0.0001019763	24.52227
97	0.0001015409	9.951866
97.5	0.0001012377	-5.038497
98	0.0001013257	-19.83303
98.5	0.0001010165	-34.47962
99	0.0001004762	-49.29314
99.5	0.0001005791	-64.07964
100	0.0001003017	-78.7058
100.5	9.98413e-5	-93.5879
101	9.968345e-5	-108.4103
101.5	9.946152e-5	-122.95
102	9.901022e-5	-137.7746
102.5	9.885157e-5	-152.7277
103	9.868192e-5	-167.3611
103.5	9.810173e-5	177.8449
104	9.802402e-5	163.0099
104.5	9.791862e-5	148.2201
105	9.732897e-5	133.5223
105.5	9.717834e-5	118.604
106	9.704001e-5	103.9145
106.5	9.646862e-5	89.16475
107	9.638997e-5	74.19079
107.5	9.621424e-5	59.50251
108	9.584288e-5	44.74358
108.5	9.56881e-5	29.81937
109	9.554925e-5	15.18049
109.5	9.511559e-5	0.4368562
110	9.496223e-5	-14.48917
110.5	9.486346e-5	-29.04202
111	9.435653e-5	-43.82087
111.5	9.429576e-5	-58.68365
112	9.414849e-5	-73.42472
112.5	9.367093e-5	-88.06576
113	9.353395e-5	-102.8366
113.5	9.334259e-5	-117.6755
114	9.282934e-5	-132.3477
114.5	9.252407e-5	-147.2216
115	9.248242e-5	-161.9396
115.5	9.199949e-5	-176.6375
116	9.16484e-5	168.4622
116.5	9.14519e-5	153.8186
117	9.135624e-5	139.0324
117.5	9.071969e-5	124.225
118	9.082583e-5	109.3361
118.5	9.039554e-5	94.81805
119	9.005152e-5	79.783
119.5	8.997019e-5	65.02497
120	8.963864e-5	50.3672
120.5	8.927915e-5	35.54799
121	8.922469e-5	20.65679
121.5	8.890164e-5	6.083077
122	8.851609e-5	-8.822687
122.5	8.845463e-5	-23.47042
123	8.828437e-5	-38.11851
123.5	8.777506e-5	-52.94748
124	8.756141e-5	-67.61842
124.5	8.744057e-5	-82.34299
125	8.6977e-5	-97.09281
125.5	8.67436e-5	-112.0723
126	8.655411e-5	-126.5634
126.5	8.610946e-5	-141.4456
127	8.581602e-5	-156.1578
127.5	8.56339e-5	-170.8943
128	8.507898e-5	174.4127
128.5	8.453429e-5	159.3826
129	8.496024e-5	144.9305
129.5	8.425989e-5	130.1415
130	8.412664e-5	115.2297
130.5	8.394774e-5	100.5989
131	8.335476e-5	85.88129
131.5	8.312336e-5	70.81803
132	8.298011e-5	56.14622
132.5	8.272559e-5	41.37743
133	8.251462e-5	26.49679
133.5	8.251517e-5	11.83059
134	8.190753e-5	-2.847179
134.5	8.166907e-5	-17.7163
135	8.148891e-5	-32.33448
135.5	8.122429e-5	-47.13007
136	8.09437e-5	-61.87368
136.5	8.075171e-5	-76.57746
137	8.032306e-5	-91.17757
137.5	8.008047e-5	-106.045
138	7.978341e-5	-120.8016
138.5	7.948044e-5	-135.4285
139	7.913869e-5	-150.35
139.5	7.898794e-5	-165.0188
140	7.859026e-5	-179.6738
140.5	7.823711e-5	165.4705
141	7.798034e-5	150.6675
141.5	7.771689e-5	136.009
142	7.732591e-5	121.1791
142.5	7.716083e-5	106.3391
143	7.675183e-5	91.78314
143.5	7.652755e-5	76.92403
144	7.63055e-5	62.07675
144.5	7.605564e-5	47.53277
145	7.577494e-5	32.59491
145.5	7.562114e-5	17.87293
146	7.545765e-5	3.263589
146.5	7.500126e-5	-11.56903
147	7.485488e-5	-26.38637
147.5	7.45049e-5	-40.94588
148	7.414263e-5	-55.72434
148.5	7.405941e-5	-70.55645
149	7.367502e-5	-85.11194
149.5	7.334692e-5	-99.82196
150	7.306856e-5	-114.7181
150.5	7.289112e-5	-129.2186
151	7.251159e-5	-144.068
151.5	7.215419e-5	-158.8575
152	7.199737e-5	-173.4884
152.5	7.15788e-5	171.766
153	7.119573e-5	156.9214
153.5	7.109444e-5	142.1636
154	7.074565e-5	127.5671
154.5	7.043636e-5	112.5733
155	7.026093e-5	98.00861
155.5	6.984514e-5	83.34052
156	6.952744e-5	68.43696
156.5	6.940476e-5	53.72022
157	6.915093e-5	39.00375
157.5	6.874258e-5	24.28469
158	6.876832e-5	9.467437
158.5	6.842247e-5	-5.074138
159	6.796562e-5	-19.96165
159.5	6.800492e-5	-34.57026
160	6.770911e-5	-49.33127
160.5	6.722171e-5	-64.06043
161	6.706723e-5	-78.73329
161.5	6.689414e-5	-93.29759
162	6.638335e-5	-108.0705
162.5	6.619348e-5	-122.9193
163	6.585831e-5	-137.4886
163.5	6.548451e-5	-152.3099
164	6.537941e-5	-167.1717
164.5	6.514662e-5	178.2489
165	6.458358e-5	163.5586
165.5	6.45637e-5	148.7608
166	6.421336e-5	134.0189
166.5	6.37974e-5	119.208
167	6.353793e-5	104.5553
167.5	6.34865e-5	89.84682
168	6.3097e-5	74.95433
168.5	6.291302e-5	60.23795
169	6.279136e-5	45.66999
169.5	6.245633e-5	30.89063
170	6.223945e-5	16.14842
170.5	6.194031e-5	1.60903
171	6.165733e-5	-13.14693
171.5	6.149668e-5	-27.87313
172	6.120102e-5	-42.60333
172.5	6.084656e-5	-57.18726
173	6.057229e-5	-72.01932
173.5	6.06059e-5	-86.53506
174	5.998357e-5	-101.3407
174.5	5.98167e-5	-116.1392
175	5.970143e-5	-130.6551
175.5	5.93344e-5	-145.4592
176	5.895815e-5	-160.2374
176.5	5.879111e-5	-174.7517
177	5.84289e-5	170.4406
177.5	5.807949e-5	155.5365
178	5.794452e-5	140.9328
178.5	5.756838e-5	126.323
179	5.741229e-5	111.4631
179.5	5.721142e-5	96.80636
180	5.684996e-5	82.22546
180.5	5.647634e-5	67.39486
181	5.645599e-5	52.61114
181.5	5.610556e-5	38.05025
182	5.586788e-5	23.08628
182.5	5.587863e-5	8.573134
183	5.550634e-5	-6.117178
183.5	5.510137e-5	-20.80729
184	5.509395e-5	-35.5947
184.5	5.47065e-5	-49.95881
185	5.451792e-5	-65.00343
185.5	5.432729e-5	-79.54764
186	5.399421e-5	-94.00735
186.5	5.364427e-5	-108.9122
187	5.34652e-5	-123.5059
187.5	5.327734e-5	-138.1549
188	5.288313e-5	-152.9056
188.5	5.274097e-5	-167.639
189	5.245333e-5	177.7111
189.5	5.19915e-5	163.1078
190	5.186604e-5	148.1971
190.5	5.163402e-5	133.675
191	5.136295e-5	118.8114
191.5	5.112213e-5	104.0659
192	5.105379e-5	89.43705
192.5	5.068682e-5	74.76832
193	5.048329e-5	59.95848
193.5	5.037678e-5	45.43172
194	4.993937e-5	30.74897
194.5	4.978687e-5	15.9134
195	4.961791e-5	1.474438
195.5	4.93714e-5	-13.23511
196	4.917643e-5	-27.99388
196.5	4.903455e-5	-42.56704
197	4.862378e-5	-57.10947
197.5	4.835902e-5	-71.96465
198	4.824858e-5	-86.58413
198.5	4.78801e-5	-101.1242
199	4.772475e-5	-115.9419
199.5	4.748227e-5	-130.4396
200	4.71097e-5	-145.1428
200.5	4.684987e-5	-160.0195
201	4.677941e-5	-174.6019
201.5	4.642771e-5	170.7814
202	4.617642e-5	155.9835
202.5	4.607729e-5	141.4089
203	4.569777e-5	126.7272
203.5	4.542985e-5	112.1367
204	4.53266e-5	97.46041
204.5	4.514607e-5	82.6865
205	4.478811e-5	67.84489
205.5	4.472024e-5	53.25747
206	4.456008e-5	38.63802
206.5	4.419117e-5	23.887
207	4.419961e-5	9.350756
207.5	4.396469e-5	-5.378747
208	4.36057e-5	-19.96055
208.5	4.347493e-5	-34.69451
209	4.323683e-5	-49.15738
209.5	4.285983e-5	-64.00063
210	4.287036e-5	-78.42046
210.5	4.253668e-5	-93.21587
211	4.223075e-5	-107.7927
211.5	4.213253e-5	-122.4181
212	4.19779e-5	-137.1291
212.5	4.155262e-5	-151.7888
213	4.15221e-5	-166.363
213.5	4.134337e-5	178.9682
214	4.084139e-5	164.3468
214.5	4.074491e-5	149.5736
215	4.065171e-5	135.0099
215.5	4.013428e-5	120.3614
216	4.011909e-5	105.6293
216.5	3.992509e-5	90.92623
217	3.955514e-5	76.35676
217.5	3.966565e-5	61.60577
218	3.949081e-5	47.05089
218.5	3.926151e-5	32.3646
219	3.901284e-5	17.87621
219.5	3.896743e-5	3.2328
220	3.857886e-5	-11.32386
220.5	3.851391e-5	-26.04329
221	3.82846e-5	-40.57646
221.5	3.79899e-5	-55.30669
222	3.789959e-5	-69.75562
222.5	3.771731e-5	-84.54975
223	3.741476e-5	-98.93914
223.5	3.731648e-5	-113.8599
224	3.712617e-5	-128.3936
224.5	3.679421e-5	-142.8288
225	3.657814e-5	-157.5876
225.5	3.64719e-5	-172.1346
226	3.613383e-5	173.107
226.5	3.600759e-5	158.3345
227	3.581625e-5	143.7086
227.5	3.56862e-5	129.3537
228	3.539485e-5	114.3907
228.5	3.527253e-5	100.0145
229	3.505642e-5	85.39352
229.5	3.479212e-5	70.59016
230	3.470464e-5	55.91434
230.5	3.464047e-5	41.53862
231	3.430364e-5	26.93666
231.5	3.427797e-5	12.13413
232	3.406392e-5	-2.267653
232.5	3.384423e-5	-16.9855
233	3.366148e-5	-31.75531
233.5	3.365189e-5	-45.91122
234	3.332341e-5	-60.78559
234.5	3.32487e-5	-75.43753
235	3.305826e-5	-89.90694
235.5	3.273145e-5	-104.396
236	3.277118e-5	-119.1471
236.5	3.256768e-5	-133.5753
237	3.218742e-5	-148.3866
237.5	3.216774e-5	-163.1378
238	3.199228e-5	-177.4155
238.5	3.163379e-5	168.007
239	3.155932e-5	153.0069
239.5	3.143159e-5	138.7355
240	3.108008e-5	123.8974
240.5	3.100094e-5	109.0384
241	3.094424e-5	94.49722
241.5	3.064642e-5	80.25264
242	3.068805e-5	65.12019
242.5	3.054249e-5	50.95181
243	3.031546e-5	36.48611
243.5	3.013731e-5	21.60427
244	3.003316e-5	7.250895
244.5	2.978599e-5	-7.204708
245	2.96925e-5	-22.04562
245.5	2.959184e-5	-36.71797
246	2.937001e-5	-50.94948
246.5	2.920515e-5	-65.53975
247	2.908551e-5	-80.20172
247.5	2.885244e-5	-94.62085
248	2.873482e-5	-109.3719
248.5	2.857356e-5	-123.9514
249	2.856023e-5	-138.1839
249.5	2.827839e-5	-153.0158
250	2.81017e-5	-167.3353
250.5	2.783337e-5	178.2784
251	2.770996e-5	163.1441
251.5	2.744945e-5	148.5269
252	2.739921e-5	134.1639
252.5	2.734175e-5	119.3492
253	2.729509e-5	104.5232
253.5	2.707625e-5	90.43053
254	2.683447e-5	75.676
254.5	2.678597e-5	60.85006
255	2.673423e-5	46.36216
255.5	2.643829e-5	31.59778
256	2.633315e-5	17.11298
256.5	2.636614e-5	3.062745
257	2.606829e-5	-11.8273
257.5	2.587713e-5	-26.39315
258	2.59726e-5	-40.64223
258.5	2.566172e-5	-55.43495
259	2.553053e-5	-70.22893
259.5	2.544319e-5	-84.34419
260	2.51953e-5	-98.80541
260.5	2.514673e-5	-113.7634
261	2.494641e-5	-128.1292
261.5	2.477517e-5	-142.6254
262	2.471224e-5	-157.4345
262.5	2.473658e-5	-171.8578
263	2.448673e-5	173.6394
263.5	2.434278e-5	159.0349
264	2.435451e-5	144.4861
264.5	2.398177e-5	129.9055
265	2.395939e-5	115.0881
265.5	2.376577e-5	100.6963
266	2.369981e-5	86.39977
266.5	2.355061e-5	71.21819
267	2.350017e-5	56.95355
267.5	2.328595e-5	42.7074
268	2.316103e-5	27.75914
268.5	2.335657e-5	13.33928
269	2.30518e-5	-0.9336719
269.5	2.290173e-5	-15.37269
270	2.294614e-5	-29.97733
270.5	2.274034e-5	-44.3427
271	2.246687e-5	-59.08851
271.5	2.243198e-5	-73.88962
272	2.241613e-5	-87.96683
272.5	2.218669e-5	-103.0606
273	2.210811e-5	-117.4606
273.5	2.19712e-5	-131.7301
274	2.181214e-5	-146.2325
274.5	2.163877e-5	-160.9297
275	2.156884e-5	-175.5461
275.5	2.152203e-5	170.4774
276	2.138033e-5	155.1636
276.5	2.129575e-5	141.1638
277	2.1092e-5	126.4233
277.5	2.098402e-5	111.9143
278	2.088676e-5	97.10182
278.5	2.070106e-5	82.80789
279	2.059115e-5	67.99546
279.5	2.06565e-5	53.36093
280	2.036328e-5	38.98973
280.5	2.043182e-5	24.48794
281	2.039073e-5	9.968841
281.5	2.028667e-5	-4.281505
282	2.01141e-5	-19.13845
282.5	2.006493e-5	-33.15683
283	1.990557e-5	-48.08458
283.5	1.971127e-5	-62.51508
284	1.976331e-5	-76.83432
284.5	1.961089e-5	-91.12511
285	1.954771e-5	-106.2671
285.5	1.938536e-5	-120.6278
286	1.922768e-5	-134.8057
286.5	1.915961e-5	-149.2105
287	1.907441e-5	-163.8714
287.5	1.895758e-5	-178.7306
288	1.871166e-5	166.8416
288.5	1.877037e-5	152.1851
289	1.87438e-5	137.4679
289.5	1.85775e-5	123.3203
290	1.856486e-5	108.57
290.5	1.840677e-5	94.16454
291	1.829197e-5	79.59907
291.5	1.818858e-5	64.77221
292	1.824691e-5	50.5955
292.5	1.800704e-5	36.11238
293	1.80524e-5	21.42576
293.5	1.794825e-5	7.024323
294	1.774116e-5	-7.465407
294.5	1.780008e-5	-22.16126
295	1.763099e-5	-36.1851
295.5	1.754054e-5	-50.47199
296	1.754278e-5	-65.68265
296.5	1.744642e-5	-79.24438
297	1.721401e-5	-93.97102
297.5	1.720571e-5	-108.9257
298	1.710498e-5	-123.2511
298.5	1.6938e-5	-137.5822
299	1.692921e-5	-152.8456
299.5	1.68861e-5	-166.6172
300	1.670404e-5	178.9691
300.5	1.664329e-5	164.0164
301	1.656855e-5	149.5398
301.5	1.646087e-5	135.2482
302	1.63499e-5	120.2066
302.5	1.637983e-5	106.0338
303	1.631146e-5	91.45341
303.5	1.613722e-5	76.80463
304	1.608335e-5	62.50415
304.5	1.603656e-5	47.94505
305	1.597233e-5	33.43624
305.5	1.58788e-5	18.92943
306	1.573882e-5	4.676077
306.5	1.572192e-5	-10.33105
307	1.568923e-5	-24.7138
307.5	1.56121e-5	-38.98095
308	1.557757e-5	-53.65211
308.5	1.552483e-5	-67.8148
309	1.538588e-5	-82.01249
309.5	1.517984e-5	-96.85229
310	1.52225e-5	-111.3793
310.5	1.505684e-5	-125.4486
311	1.492984e-5	-140.5473
311.5	1.493146e-5	-154.8521
312	1.491017e-5	-169.1866
312.5	1.47758e-5	176.1752
313	1.475426e-5	161.733
313.5	1.471592e-5	147.347
314	1.457708e-5	132.6339
314.5	1.449359e-5	117.6403
315	1.449625e-5	103.8334
315.5	1.443757e-5	88.73796
316	1.441852e-5	74.18571
316.5	1.431791e-5	60.03684
317	1.42364e-5	45.54469
317.5	1.419466e-5	31.09719
318	1.416995e-5	16.42362
318.5	1.405017e-5	2.01808
319	1.401017e-5	-12.48732
319.5	1.388482e-5	-26.43904
320	1.386156e-5	-41.31506
320.5	1.383544e-5	-55.54349
321	1.370329e-5	-70.33693
321.5	1.347511e-5	-84.52477
322	1.36034e-5	-98.52161
322.5	1.356417e-5	-112.6633
323	1.332535e-5	-127.557
323.5	1.333331e-5	-142.6268
324	1.332128e-5	-156.9953
324.5	1.316597e-5	-170.9862
325	1.307959e-5	173.7493
325.5	1.30741e-5	159.7187
326	1.303535e-5	145.4122
326.5	1.290807e-5	130.2945
327	1.297538e-5	115.644
327.5	1.281972e-5	101.6154
328	1.272734e-5	87.01366
328.5	1.282175e-5	72.26685
329	1.273623e-5	57.91888
329.5	1.264953e-5	43.14471
330	1.260425e-5	28.61859
330.5	1.25011e-5	14.88364
331	1.245044e-5	-0.4245294
331.5	1.24346e-5	-13.88403
332	1.243667e-5	-28.87998
332.5	1.228534e-5	-43.64398
333	1.230566e-5	-57.38398
333.5	1.224858e-5	-71.44779
334	1.214835e-5	-86.09734
334.5	1.213704e-5	-100.7609
335	1.190311e-5	-115.1343
335.5	1.197704e-5	-129.7123
336	1.177624e-5	-144.2843
336.5	1.182468e-5	-158.5261
337	1.165381e-5	-173.5335
337.5	1.159698e-5	171.7363
338	1.169044e-5	157.1253
338.5	1.158308e-5	142.8907
339	1.160809e-5	128.2303
339.5	1.146817e-5	114.1521
340	1.141408e-5	99.97494
340.5	1.134345e-5	84.90533
341	1.128879e-5	70.3876
341.5	1.127786e-5	56.21744
342	1.126835e-5	41.03362
342.5	1.128841e-5	27.7052
343	1.123295e-5	12.82575
343.5	1.115085e-5	-1.648142
344	1.100753e-5	-15.33636
344.5	1.0974e-5	-30.17662
345	1.093047e-5	-44.74823
345.5	1.092687e-5	-58.91348
346	1.083279e-5	-73.53365
346.5	1.084538e-5	-87.86956
347	1.089896e-5	-102.2285
347.5	1.07091e-5	-116.5462
348	1.076409e-5	-131.0931
348.5	1.064228e-5	-145.4117
349	1.060543e-5	-159.7107
349.5	1.042036e-5	-174.9412
350	1.04337e-5	171.081
