Source File Name:	7,1,1
Signal:	FFT - Ref1 Force - Mag. & Phase

Frequency	Magnitude	Phase
[ Hz ]	[ N ]	[ ° ]
20	0.000104684	1.841909
20.5	0.0001051256	-34.216
21	0.0001047177	-70.10659
21.5	0.0001049253	-106.2204
22	0.0001046564	-141.8117
22.5	0.0001050106	-177.9619
23	0.0001049312	146.3304
23.5	0.0001044857	110.1667
24	0.0001048434	74.37232
24.5	0.00010438	38.39822
25	0.000104693	2.387595
25.5	0.0001045153	-33.63524
26	0.0001046623	-69.59546
26.5	0.0001045615	-105.3453
27	0.0001044147	-141.5419
27.5	0.0001044401	-177.3675
28	0.0001042199	146.5928
28.5	0.0001042199	110.8678
29	0.0001040674	74.82079
29.5	0.0001038301	38.86832
30	0.0001036366	2.776282
30.5	0.0001040758	-33.14528
31	0.0001037651	-68.93521
31.5	0.0001040147	-105.0691
32	0.0001038428	-140.7798
32.5	0.0001037843	-176.7497
33	0.0001036272	147.4893
33.5	0.0001034502	111.3099
34	0.0001038548	75.47311
34.5	0.0001033429	39.63348
35	0.0001034826	3.514161
35.5	0.0001032792	-32.33854
36	0.0001029235	-68.44317
36.5	0.0001031047	-104.2592
37	0.0001026851	-140.344
37.5	0.0001031488	-176.3806
38	0.0001026996	147.7972
38.5	0.0001027727	111.777
39	0.0001027871	75.92527
39.5	0.0001025531	39.97187
40	0.0001025441	4.019352
40.5	0.00010249	-31.8424
41	0.000102298	-67.757
41.5	0.0001023541	-103.7792
42	0.0001018849	-139.6868
42.5	0.0001020497	-175.6562
43	0.0001018351	148.4755
43.5	0.0001017972	112.5163
44	0.00010169	76.52223
44.5	0.0001017001	40.64735
45	0.0001015187	4.537069
45.5	0.0001015135	-31.35896
46	0.0001015257	-67.25601
46.5	0.0001013975	-103.082
47	0.0001012144	-139.2622
47.5	0.0001011466	-175.0688
48	0.0001010031	149.0562
48.5	0.0001009937	113.093
49	0.0001007944	77.15676
49.5	0.0001005624	41.14012
50	0.0001005199	5.246907
50.5	0.0001002097	-30.78029
51	0.0001002027	-66.67163
51.5	9.982995e-5	-102.7024
52	0.0001000432	-138.6494
52.5	9.973159e-5	-174.5032
53	9.971597e-5	149.536
53.5	9.974046e-5	113.5443
54	9.942793e-5	77.53698
54.5	9.952683e-5	41.68182
55	9.927041e-5	5.817238
55.5	9.937754e-5	-30.22634
56	9.918972e-5	-66.1347
56.5	9.908841e-5	-102.0728
57	9.897078e-5	-137.8962
57.5	9.869175e-5	-173.9445
58	9.868356e-5	150.0912
58.5	9.853343e-5	114.3277
59	9.830116e-5	78.26564
59.5	9.830479e-5	42.30402
60	9.810065e-5	6.363212
60.5	9.791367e-5	-29.61445
61	9.783229e-5	-65.51817
61.5	9.769659e-5	-101.5056
62	9.75501e-5	-137.3754
62.5	9.720439e-5	-173.3763
63	9.738229e-5	150.6375
63.5	9.713078e-5	114.7702
64	9.724977e-5	78.86758
64.5	9.650004e-5	42.61702
65	9.698161e-5	6.787472
65.5	9.674412e-5	-29.00526
66	9.657512e-5	-64.88863
66.5	9.645183e-5	-100.8902
67	9.618298e-5	-136.7809
67.5	9.612036e-5	-172.699
68	9.600056e-5	151.3307
68.5	9.593565e-5	115.3436
69	9.560301e-5	79.32918
69.5	9.564506e-5	43.52169
70	9.539659e-5	7.53631
70.5	9.534959e-5	-28.31505
71	9.511866e-5	-64.36875
71.5	9.494946e-5	-100.2408
72	9.489391e-5	-136.1656
72.5	9.46351e-5	-172.0513
73	9.445409e-5	151.9609
73.5	9.419231e-5	116.0131
74	9.435441e-5	80.19656
74.5	9.388177e-5	44.25126
75	9.391426e-5	8.292115
75.5	9.366683e-5	-27.66421
76	9.34727e-5	-63.59127
76.5	9.340926e-5	-99.43277
77	9.315645e-5	-135.4633
77.5	9.318798e-5	-171.4197
78	9.281674e-5	152.6089
78.5	9.267993e-5	116.6045
79	9.249077e-5	80.77698
79.5	9.221086e-5	44.72261
80	9.214915e-5	8.929691
80.5	9.189583e-5	-27.07339
81	9.172597e-5	-62.97817
81.5	9.155535e-5	-98.94054
82	9.13798e-5	-134.9038
82.5	9.123391e-5	-170.8427
83	9.111717e-5	153.1001
83.5	9.088718e-5	117.3655
84	9.090778e-5	81.36314
84.5	9.070477e-5	45.49266
85	9.063263e-5	9.512517
85.5	9.036449e-5	-26.41023
86	9.020731e-5	-62.39403
86.5	9.016562e-5	-98.30598
87	8.994196e-5	-134.2701
87.5	8.980441e-5	-170.0563
88	8.938328e-5	153.9166
88.5	8.925838e-5	117.9189
89	8.915962e-5	82.00559
89.5	8.899243e-5	46.0225
90	8.885032e-5	10.1848
90.5	8.865991e-5	-25.87304
91	8.839185e-5	-61.67561
91.5	8.834418e-5	-97.63538
92	8.805434e-5	-133.451
92.5	8.783123e-5	-169.5065
93	8.772169e-5	154.6997
93.5	8.75469e-5	118.7541
94	8.73117e-5	82.84013
94.5	8.707986e-5	46.86378
95	8.697672e-5	10.86452
95.5	8.682008e-5	-25.0299
96	8.65503e-5	-60.85638
96.5	8.64085e-5	-96.88929
97	8.618618e-5	-132.7452
97.5	8.600423e-5	-168.8155
98	8.580353e-5	155.402
98.5	8.560449e-5	119.3629
99	8.553854e-5	83.48072
99.5	8.516352e-5	47.58048
100	8.500008e-5	11.52344
100.5	8.487663e-5	-24.27986
101	8.476308e-5	-60.22981
101.5	8.45036e-5	-96.23763
102	8.429985e-5	-132.1139
102.5	8.419118e-5	-168.0635
103	8.390403e-5	156.0891
103.5	8.376526e-5	120.1672
104	8.353828e-5	84.20962
104.5	8.335333e-5	48.23269
105	8.321155e-5	12.33384
105.5	8.301005e-5	-23.56636
106	8.274803e-5	-59.49493
106.5	8.266689e-5	-95.45401
107	8.232377e-5	-131.3181
107.5	8.217023e-5	-167.2517
108	8.203494e-5	156.792
108.5	8.180581e-5	120.8713
109	8.155347e-5	84.94616
109.5	8.142256e-5	49.05192
110	8.129252e-5	13.06066
110.5	8.111823e-5	-22.71685
111	8.083125e-5	-58.70001
111.5	8.074225e-5	-94.64708
112	8.050248e-5	-130.654
112.5	8.013534e-5	-166.4384
113	8.012393e-5	157.5647
113.5	7.979557e-5	121.7162
114	7.962096e-5	85.68994
114.5	7.935093e-5	49.68567
115	7.930774e-5	13.94949
115.5	7.904409e-5	-21.9603
116	7.877881e-5	-57.98834
116.5	7.864819e-5	-93.92913
117	7.836817e-5	-129.648
117.5	7.821066e-5	-165.6135
118	7.817075e-5	158.4508
118.5	7.792027e-5	122.4648
119	7.756367e-5	86.57679
119.5	7.743944e-5	50.59354
120	7.740568e-5	14.77265
120.5	7.703901e-5	-21.15186
121	7.673808e-5	-57.07129
121.5	7.651542e-5	-93.03738
122	7.645222e-5	-128.9823
122.5	7.614611e-5	-164.9208
123	7.583323e-5	159.2139
123.5	7.576865e-5	123.2816
124	7.552119e-5	87.39487
124.5	7.548412e-5	51.48066
125	7.506088e-5	15.70275
125.5	7.476205e-5	-20.284
126	7.472022e-5	-56.21162
126.5	7.445283e-5	-92.27442
127	7.433072e-5	-128.0917
127.5	7.412887e-5	-164.0422
128	7.394115e-5	160.0755
128.5	7.402735e-5	124.35
129	7.334372e-5	88.20583
129.5	7.327641e-5	52.33936
130	7.311032e-5	16.3923
130.5	7.291064e-5	-19.40928
131	7.280818e-5	-55.34146
131.5	7.244305e-5	-91.25764
132	7.214726e-5	-127.0492
132.5	7.193714e-5	-163.1419
133	7.185713e-5	160.9744
133.5	7.162074e-5	125.1879
134	7.126308e-5	89.19427
134.5	7.113756e-5	53.37771
135	7.086554e-5	17.38563
135.5	7.074454e-5	-18.59253
136	7.045666e-5	-54.51466
136.5	7.04658e-5	-90.31719
137	7.013401e-5	-126.0597
137.5	6.994355e-5	-162.1733
138	6.958303e-5	161.976
138.5	6.943873e-5	126.0089
139	6.935955e-5	90.19521
139.5	6.900264e-5	54.22737
140	6.882336e-5	18.27683
140.5	6.854354e-5	-17.50718
141	6.839286e-5	-53.53618
141.5	6.825331e-5	-89.25485
142	6.791891e-5	-125.3967
142.5	6.767535e-5	-161.1546
143	6.758067e-5	162.7918
143.5	6.745302e-5	126.9532
144	6.720453e-5	91.13673
144.5	6.683535e-5	55.139
145	6.66265e-5	19.28332
145.5	6.652252e-5	-16.53409
146	6.630349e-5	-52.38661
146.5	6.594099e-5	-88.3673
147	6.594281e-5	-124.3232
147.5	6.565762e-5	-160.2436
148	6.55688e-5	163.9602
148.5	6.521455e-5	127.9663
149	6.51055e-5	92.25635
149.5	6.47979e-5	56.38297
150	6.45922e-5	20.35266
150.5	6.435122e-5	-15.62482
151	6.412011e-5	-51.36673
151.5	6.396994e-5	-87.32578
152	6.375919e-5	-123.3329
152.5	6.359843e-5	-159.2475
153	6.337123e-5	164.9816
153.5	6.305749e-5	129.2182
154	6.286099e-5	93.29314
154.5	6.262444e-5	57.21463
155	6.2491e-5	21.33428
155.5	6.222371e-5	-14.41287
156	6.200164e-5	-50.35556
156.5	6.190022e-5	-86.42677
157	6.173282e-5	-122.1722
157.5	6.140862e-5	-157.9936
158	6.105604e-5	166.1157
158.5	6.097287e-5	130.1621
159	6.083545e-5	94.22264
159.5	6.058111e-5	58.27414
160	6.053116e-5	22.53342
160.5	6.022992e-5	-13.35955
161	5.995209e-5	-49.13113
161.5	5.977911e-5	-85.18192
162	5.961562e-5	-121.0574
162.5	5.929069e-5	-156.8464
163	5.903306e-5	167.1285
163.5	5.893005e-5	131.1876
164	5.882931e-5	95.29303
164.5	5.865065e-5	59.68771
165	5.813938e-5	23.7462
165.5	5.807121e-5	-12.23267
166	5.789138e-5	-48.25669
166.5	5.768632e-5	-84.02852
167	5.749247e-5	-119.8206
167.5	5.71774e-5	-155.7014
168	5.701013e-5	168.5652
168.5	5.67894e-5	132.4282
169	5.665394e-5	96.68172
169.5	5.631771e-5	60.76717
170	5.614469e-5	24.85216
170.5	5.603886e-5	-10.94483
171	5.593272e-5	-46.94032
171.5	5.558984e-5	-82.73041
172	5.558819e-5	-118.6693
172.5	5.522819e-5	-154.4131
173	5.493721e-5	169.7095
173.5	5.472679e-5	133.6614
174	5.459973e-5	97.82928
174.5	5.438292e-5	62.01818
175	5.421508e-5	26.07948
175.5	5.400066e-5	-9.874147
176	5.382573e-5	-45.631
176.5	5.356595e-5	-81.50418
177	5.335905e-5	-117.4331
177.5	5.31445e-5	-153.2673
178	5.282469e-5	170.9108
178.5	5.272687e-5	134.9929
179	5.25332e-5	99.20627
179.5	5.238839e-5	63.23977
180	5.207137e-5	27.36404
180.5	5.192652e-5	-8.559621
181	5.171005e-5	-44.22246
181.5	5.144568e-5	-80.22574
182	5.141874e-5	-116.1072
182.5	5.116193e-5	-151.8783
183	5.097387e-5	172.3184
183.5	5.075192e-5	136.3267
184	5.051606e-5	100.5464
184.5	5.043449e-5	64.60338
185	5.011613e-5	28.82414
185.5	4.999443e-5	-7.215353
186	4.979791e-5	-42.97216
186.5	4.963159e-5	-78.81352
187	4.938877e-5	-114.6551
187.5	4.912454e-5	-150.716
188	4.888174e-5	173.4418
188.5	4.88732e-5	137.6088
189	4.865293e-5	101.8508
189.5	4.839508e-5	66.02317
190	4.821322e-5	30.00133
190.5	4.803816e-5	-5.652901
191	4.780645e-5	-41.74279
191.5	4.768162e-5	-77.41286
192	4.74392e-5	-113.4286
192.5	4.735484e-5	-149.181
193	4.713753e-5	175.0396
193.5	4.695247e-5	139.0574
194	4.669218e-5	103.3255
194.5	4.658841e-5	67.34814
195	4.642177e-5	31.69015
195.5	4.608499e-5	-4.260495
196	4.590476e-5	-40.03568
196.5	4.565374e-5	-75.97678
197	4.555957e-5	-111.7381
197.5	4.531908e-5	-147.6308
198	4.527413e-5	176.2577
198.5	4.510598e-5	140.5659
199	4.483042e-5	104.908
199.5	4.470019e-5	68.91502
200	4.45289e-5	33.12818
200.5	4.425002e-5	-2.857956
201	4.40724e-5	-38.61127
201.5	4.405592e-5	-74.54922
202	4.370251e-5	-110.3749
202.5	4.360998e-5	-146.3267
203	4.333856e-5	177.9288
203.5	4.32292e-5	142.1614
204	4.304092e-5	106.1527
204.5	4.275797e-5	70.35183
205	4.269826e-5	34.54451
205.5	4.24451e-5	-1.266902
206	4.232827e-5	-37.11537
206.5	4.212613e-5	-72.96004
207	4.19448e-5	-108.6245
207.5	4.167306e-5	-144.5451
208	4.158585e-5	179.5985
208.5	4.139473e-5	143.5807
209	4.129391e-5	107.8957
209.5	4.11667e-5	72.13358
210	4.089147e-5	36.43476
210.5	4.066898e-5	0.4517619
211	4.051102e-5	-35.52123
211.5	4.042159e-5	-71.3892
212	4.02277e-5	-107.0484
212.5	4.003644e-5	-142.8408
213	3.990859e-5	-178.7137
213.5	3.977935e-5	145.2998
214	3.951004e-5	109.6484
214.5	3.929349e-5	73.79127
215	3.910065e-5	37.9113
215.5	3.904165e-5	2.077662
216	3.891048e-5	-33.92023
216.5	3.872082e-5	-69.5589
217	3.856297e-5	-105.4223
217.5	3.831624e-5	-141.2181
218	3.817688e-5	-177.0674
218.5	3.792472e-5	146.9963
219	3.779937e-5	111.2677
219.5	3.769192e-5	75.47504
220	3.738161e-5	39.41092
220.5	3.738789e-5	3.886233
221	3.713352e-5	-32.17402
221.5	3.698031e-5	-67.98187
222	3.689414e-5	-103.9166
222.5	3.676377e-5	-139.6924
223	3.657171e-5	-175.2236
223.5	3.640417e-5	148.817
224	3.631705e-5	112.9592
224.5	3.615516e-5	77.28082
225	3.587753e-5	41.45719
225.5	3.575373e-5	5.479911
226	3.571427e-5	-30.24773
226.5	3.551082e-5	-66.03963
227	3.528902e-5	-101.8936
227.5	3.516864e-5	-137.6084
228	3.511612e-5	-173.4225
228.5	3.482319e-5	150.6801
229	3.472924e-5	114.868
229.5	3.456153e-5	79.09641
230	3.433833e-5	43.05824
230.5	3.426509e-5	7.339578
231	3.404786e-5	-28.44891
231.5	3.402391e-5	-64.23353
232	3.370817e-5	-100.0092
232.5	3.360469e-5	-135.9474
233	3.336139e-5	-171.7708
233.5	3.335005e-5	152.4593
234	3.31199e-5	116.5107
234.5	3.303239e-5	80.74209
235	3.292371e-5	45.04034
235.5	3.274999e-5	9.262002
236	3.261515e-5	-26.4968
236.5	3.252664e-5	-62.47813
237	3.226989e-5	-98.18845
237.5	3.221401e-5	-133.7426
238	3.202331e-5	-169.7642
238.5	3.175781e-5	154.2755
239	3.176702e-5	118.5262
239.5	3.168535e-5	82.89584
240	3.147895e-5	46.95871
240.5	3.140756e-5	11.05503
241	3.127751e-5	-24.6325
241.5	3.101023e-5	-60.23466
242	3.086333e-5	-96.1028
242.5	3.068016e-5	-132.126
243	3.063708e-5	-167.8447
243.5	3.050264e-5	156.4361
244	3.031134e-5	120.5516
244.5	3.010969e-5	84.74828
245	3.00927e-5	48.8661
245.5	2.989049e-5	13.10617
246	2.982579e-5	-22.6992
246.5	2.966636e-5	-58.42876
247	2.94944e-5	-94.07802
247.5	2.938321e-5	-130.0235
248	2.922966e-5	-165.8346
248.5	2.92211e-5	158.3394
249	2.898143e-5	122.6225
249.5	2.887795e-5	86.92686
250	2.866568e-5	51.07734
250.5	2.85129e-5	15.44268
251	2.84207e-5	-20.66756
251.5	2.838105e-5	-56.39433
252	2.829334e-5	-92.13729
252.5	2.807431e-5	-127.9192
253	2.792275e-5	-163.7184
253.5	2.782475e-5	160.5453
254	2.764661e-5	124.5594
254.5	2.762583e-5	88.70802
255	2.741811e-5	53.0499
255.5	2.730558e-5	17.25799
256	2.734233e-5	-18.51849
256.5	2.704277e-5	-54.3382
257	2.705607e-5	-90.19671
257.5	2.666594e-5	-126.0629
258	2.66169e-5	-161.6567
258.5	2.661441e-5	162.1914
259	2.652363e-5	126.9009
259.5	2.634868e-5	90.86764
260	2.614193e-5	55.42283
260.5	2.601618e-5	19.52302
261	2.602152e-5	-16.2804
261.5	2.591984e-5	-52.11289
262	2.559245e-5	-87.6737
262.5	2.558502e-5	-123.6567
263	2.545874e-5	-159.7087
263.5	2.550485e-5	164.6833
264	2.536751e-5	128.8438
264.5	2.518999e-5	93.15926
265	2.502758e-5	57.22587
265.5	2.497015e-5	21.47423
266	2.479073e-5	-14.33021
266.5	2.482084e-5	-49.93334
267	2.451176e-5	-85.77277
267.5	2.447374e-5	-121.505
268	2.429227e-5	-157.461
268.5	2.435305e-5	166.676
269	2.418886e-5	130.8326
269.5	2.408576e-5	95.38437
270	2.39518e-5	59.70565
270.5	2.374907e-5	23.88232
271	2.379061e-5	-11.86685
271.5	2.359454e-5	-47.60317
272	2.350756e-5	-83.5029
272.5	2.334696e-5	-119.0492
273	2.330638e-5	-155.1326
273.5	2.319015e-5	169.002
274	2.298289e-5	133.441
274.5	2.282798e-5	97.82714
275	2.287774e-5	62.19064
275.5	2.269557e-5	26.26514
276	2.268645e-5	-9.805046
276.5	2.252111e-5	-45.69065
277	2.236738e-5	-81.20576
277.5	2.227504e-5	-117.344
278	2.227012e-5	-153.0643
278.5	2.217048e-5	171.2089
279	2.207308e-5	135.4366
279.5	2.204222e-5	99.60162
280	2.187079e-5	64.17046
280.5	2.182662e-5	28.20076
281	2.152608e-5	-7.680458
281.5	2.159582e-5	-43.14732
282	2.143608e-5	-78.99503
282.5	2.129283e-5	-114.7549
283	2.118021e-5	-150.5543
283.5	2.114116e-5	173.6061
284	2.106261e-5	137.9537
284.5	2.100937e-5	102.3448
285	2.083793e-5	66.68678
285.5	2.063578e-5	30.67405
286	2.075293e-5	-5.489608
286.5	2.066795e-5	-41.17694
287	2.05647e-5	-76.69151
287.5	2.047066e-5	-112.4533
288	2.026332e-5	-148.2727
288.5	2.023325e-5	175.749
289	2.005388e-5	140.2675
289.5	2.00574e-5	104.1782
290	1.992153e-5	68.58694
290.5	1.98395e-5	32.79977
291	1.964434e-5	-2.78092
291.5	1.958123e-5	-38.76533
292	1.971365e-5	-74.45748
292.5	1.956032e-5	-109.9097
293	1.939501e-5	-145.7944
293.5	1.925966e-5	178.778
294	1.918458e-5	142.5978
294.5	1.917307e-5	106.9652
295	1.892484e-5	71.225
295.5	1.903075e-5	35.35141
296	1.886227e-5	-0.4925782
296.5	1.874508e-5	-36.10238
297	1.86588e-5	-72.32131
297.5	1.860011e-5	-108.0324
298	1.863323e-5	-143.6604
298.5	1.839208e-5	-179.2829
299	1.831054e-5	144.8429
299.5	1.829368e-5	108.9564
300	1.817471e-5	73.08162
300.5	1.814222e-5	37.58365
301	1.800166e-5	1.836339
301.5	1.788656e-5	-33.92402
302	1.783951e-5	-70.25084
302.5	1.779238e-5	-105.3018
303	1.752689e-5	-141.1033
303.5	1.761326e-5	-177.6111
304	1.752178e-5	146.9591
304.5	1.748344e-5	111.6109
305	1.734795e-5	75.82538
305.5	1.734996e-5	40.18277
306	1.733163e-5	4.110673
306.5	1.711947e-5	-31.54125
307	1.706566e-5	-66.8436
307.5	1.698928e-5	-102.9388
308	1.67903e-5	-138.6561
308.5	1.681617e-5	-174.9934
309	1.662256e-5	149.2029
309.5	1.675232e-5	113.9975
310	1.656101e-5	78.17786
310.5	1.642818e-5	42.11837
311	1.648125e-5	6.537026
311.5	1.638031e-5	-29.04862
312	1.621474e-5	-65.31722
312.5	1.607532e-5	-100.8273
313	1.606384e-5	-136.6866
313.5	1.595644e-5	-172.5214
314	1.60162e-5	151.9579
314.5	1.589268e-5	116.0516
315	1.577933e-5	80.30007
315.5	1.579758e-5	44.75705
316	1.57032e-5	8.975446
316.5	1.556801e-5	-26.6534
317	1.552784e-5	-62.43945
317.5	1.542175e-5	-98.45176
318	1.537557e-5	-134.0425
318.5	1.533106e-5	-170.0814
319	1.54052e-5	154.2402
319.5	1.515902e-5	118.5485
320	1.498396e-5	83.00082
320.5	1.498406e-5	47.12733
321	1.50067e-5	10.95951
321.5	1.509962e-5	-24.71288
322	1.467531e-5	-60.01405
322.5	1.462859e-5	-95.87295
323	1.453523e-5	-132.0129
323.5	1.464876e-5	-167.5912
324	1.44732e-5	156.79
324.5	1.441886e-5	120.666
325	1.439598e-5	85.29969
325.5	1.425875e-5	49.43924
326	1.430587e-5	13.65705
326.5	1.416888e-5	-22.29208
327	1.409631e-5	-57.59375
327.5	1.398368e-5	-93.39925
328	1.401521e-5	-129.2464
328.5	1.39114e-5	-165.5215
329	1.383899e-5	159.4663
329.5	1.383901e-5	123.3769
330	1.378046e-5	87.57906
330.5	1.361027e-5	51.72375
331	1.354328e-5	16.00675
331.5	1.338429e-5	-19.83272
332	1.35459e-5	-55.59115
332.5	1.337876e-5	-91.24564
333	1.329394e-5	-127.0233
333.5	1.326717e-5	-162.7861
334	1.323801e-5	161.2287
334.5	1.315599e-5	125.7663
335	1.302881e-5	89.8544
335.5	1.295905e-5	54.63441
336	1.290127e-5	18.51445
336.5	1.279698e-5	-17.47737
337	1.270849e-5	-53.14372
337.5	1.276324e-5	-89.26582
338	1.270367e-5	-124.5133
338.5	1.272004e-5	-160.1594
339	1.239527e-5	164.0184
339.5	1.249716e-5	127.7134
340	1.238821e-5	92.54953
340.5	1.238424e-5	56.82519
341	1.227737e-5	21.17687
341.5	1.217873e-5	-14.61263
342	1.208445e-5	-51.08138
342.5	1.215181e-5	-86.43516
343	1.216326e-5	-122.288
343.5	1.207971e-5	-158.0517
344	1.191896e-5	166.0606
344.5	1.193847e-5	130.9538
345	1.177309e-5	94.59853
345.5	1.180684e-5	59.02914
346	1.169648e-5	23.02126
346.5	1.161518e-5	-12.36179
347	1.167537e-5	-47.93214
347.5	1.1603e-5	-83.71937
348	1.145613e-5	-119.6481
348.5	1.126514e-5	-155.6245
349	1.136209e-5	168.6846
349.5	1.122036e-5	133.1714
350	1.115973e-5	96.96132
